	Mean	Std Dev	Mean	Std Dev	Mean	Std Dev	Mean	Std Dev	Mean	Std Dev	Mean	Std Dev	2014_04_08_PC014_BAREFOOT_GAIT0004_1_CINE_D.c3d	2014_04_08_PC014_BAREFOOT_GAIT0004_1_CINE_D.c3d	2014_04_08_PC014_BAREFOOT_GAIT0004_1_CINE_D.c3d	2014_04_08_PC014_BAREFOOT_GAIT0004_2_CINE_D&E.c3d	2014_04_08_PC014_BAREFOOT_GAIT0004_2_CINE_D&E.c3d	2014_04_08_PC014_BAREFOOT_GAIT0004_2_CINE_D&E.c3d	2014_04_08_PC014_BAREFOOT_GAIT0004_2_CINE_D&E.c3d	2014_04_08_PC014_BAREFOOT_GAIT0004_2_CINE_D&E.c3d	2014_04_08_PC014_BAREFOOT_GAIT0004_2_CINE_D&E.c3d	2014_04_08_PC014_BAREFOOT_GAIT0004_3_CINE_D&E.c3d	2014_04_08_PC014_BAREFOOT_GAIT0004_3_CINE_D&E.c3d	2014_04_08_PC014_BAREFOOT_GAIT0004_3_CINE_D&E.c3d	2014_04_08_PC014_BAREFOOT_GAIT0004_3_CINE_D&E.c3d	2014_04_08_PC014_BAREFOOT_GAIT0004_3_CINE_D&E.c3d	2014_04_08_PC014_BAREFOOT_GAIT0004_3_CINE_D&E.c3d	2014_04_08_PC014_BAREFOOT_GAIT0004_5_CINE_D&E.c3d	2014_04_08_PC014_BAREFOOT_GAIT0004_5_CINE_D&E.c3d	2014_04_08_PC014_BAREFOOT_GAIT0004_5_CINE_D&E.c3d	2014_04_08_PC014_BAREFOOT_GAIT0004_5_CINE_D&E.c3d	2014_04_08_PC014_BAREFOOT_GAIT0004_5_CINE_D&E.c3d	2014_04_08_PC014_BAREFOOT_GAIT0004_5_CINE_D&E.c3d
	LHIP_MF_N	LHIP_MF_N	LKNEE_MF_N	LKNEE_MF_N	LANKLE_MF_N	LANKLE_MF_N	RHIP_MF_N	RHIP_MF_N	RKNEE_MF_N	RKNEE_MF_N	RANKLE_MF_N	RANKLE_MF_N	RHIP_MF_N	RKNEE_MF_N	RANKLE_MF_N	LHIP_MF_N	LKNEE_MF_N	LANKLE_MF_N	RHIP_MF_N	RKNEE_MF_N	RANKLE_MF_N	LHIP_MF_N	LKNEE_MF_N	LANKLE_MF_N	RHIP_MF_N	RKNEE_MF_N	RANKLE_MF_N	LHIP_MF_N	LKNEE_MF_N	LANKLE_MF_N	RHIP_MF_N	RKNEE_MF_N	RANKLE_MF_N
	LINK_MODEL_BASED	LINK_MODEL_BASED	LINK_MODEL_BASED	LINK_MODEL_BASED	LINK_MODEL_BASED	LINK_MODEL_BASED	LINK_MODEL_BASED	LINK_MODEL_BASED	LINK_MODEL_BASED	LINK_MODEL_BASED	LINK_MODEL_BASED	LINK_MODEL_BASED	LINK_MODEL_BASED	LINK_MODEL_BASED	LINK_MODEL_BASED	LINK_MODEL_BASED	LINK_MODEL_BASED	LINK_MODEL_BASED	LINK_MODEL_BASED	LINK_MODEL_BASED	LINK_MODEL_BASED	LINK_MODEL_BASED	LINK_MODEL_BASED	LINK_MODEL_BASED	LINK_MODEL_BASED	LINK_MODEL_BASED	LINK_MODEL_BASED	LINK_MODEL_BASED	LINK_MODEL_BASED	LINK_MODEL_BASED	LINK_MODEL_BASED	LINK_MODEL_BASED	LINK_MODEL_BASED
	ORIGINAL	ORIGINAL	ORIGINAL	ORIGINAL	ORIGINAL	ORIGINAL	ORIGINAL	ORIGINAL	ORIGINAL	ORIGINAL	ORIGINAL	ORIGINAL	ORIGINAL	ORIGINAL	ORIGINAL	ORIGINAL	ORIGINAL	ORIGINAL	ORIGINAL	ORIGINAL	ORIGINAL	ORIGINAL	ORIGINAL	ORIGINAL	ORIGINAL	ORIGINAL	ORIGINAL	ORIGINAL	ORIGINAL	ORIGINAL	ORIGINAL	ORIGINAL	ORIGINAL
ITEM	X	X	X	X	X	X	X	X	X	X	X	X	X	X	X	X	X	X	X	X	X	X	X	X	X	X	X	X	X	X	X	X	X
1	0.73631	0.03978	-0.31097	0.03333	0.00705	0.02207	0.72970	0.09190	-0.35312	0.05425	0.01755	0.02001	0.83967	-0.41096	0.04045	0.70866	-0.29335	-0.00897	0.68776	-0.31189	0.00600	0.78190	-0.34941	0.03223	0.76341	-0.38752	0.02736	0.71837	-0.29014	-0.00210	0.62797	-0.30211	-0.00360
2	0.75765	0.04970	-0.28946	0.03938	-0.00292	0.02903	0.77497	0.12527	-0.35332	0.06832	0.01246	0.02355	0.92518	-0.42465	0.03946	0.73221	-0.26391	-0.02464	0.69432	-0.29790	-0.00380	0.81491	-0.33481	0.03005	0.82848	-0.39884	0.02460	0.72581	-0.26967	-0.01417	0.65190	-0.29191	-0.01041
3	0.75874	0.06261	-0.25182	0.04861	-0.01890	0.03693	0.80160	0.14866	-0.33867	0.08132	-0.00111	0.02659	0.97682	-0.42281	0.02938	0.72560	-0.21276	-0.04750	0.69085	-0.26947	-0.02098	0.83095	-0.30625	0.02280	0.87245	-0.39390	0.01282	0.71966	-0.23644	-0.03200	0.66630	-0.26853	-0.02566
4	0.74874	0.07719	-0.19817	0.06138	-0.03686	0.04533	0.81852	0.16068	-0.30814	0.09390	-0.02187	0.02903	1.00256	-0.40584	0.01170	0.69743	-0.14074	-0.07263	0.68987	-0.22659	-0.04324	0.83751	-0.26286	0.01412	0.90374	-0.37123	-0.00711	0.71129	-0.19092	-0.05207	0.67790	-0.22891	-0.04884
5	0.73403	0.09487	-0.12900	0.07674	-0.05056	0.05380	0.83094	0.16277	-0.25978	0.10598	-0.04617	0.03026	1.00971	-0.37185	-0.01073	0.65780	-0.05085	-0.09314	0.69459	-0.16805	-0.06648	0.84028	-0.20424	0.00991	0.92813	-0.32874	-0.03176	0.70400	-0.13190	-0.06844	0.69135	-0.17051	-0.07569
6	0.71632	0.11361	-0.04454	0.09292	-0.05490	0.06303	0.84643	0.15698	-0.19447	0.11684	-0.06862	0.03072	1.01013	-0.32099	-0.03230	0.61200	0.05475	-0.10467	0.71180	-0.09669	-0.08644	0.83737	-0.12939	0.01597	0.95145	-0.26662	-0.05525	0.69960	-0.05898	-0.07600	0.71234	-0.09358	-0.10049
7	0.67940	0.12955	0.05528	0.10720	-0.04736	0.07406	0.86092	0.14856	-0.11222	0.12541	-0.08495	0.03059	1.00627	-0.25167	-0.04856	0.55160	0.17266	-0.10605	0.72760	-0.01308	-0.10016	0.81064	-0.03743	0.03586	0.97161	-0.18451	-0.07289	0.67595	0.03061	-0.07189	0.73819	0.00039	-0.11821
8	0.60610	0.13799	0.16631	0.11755	-0.02792	0.08803	0.85625	0.14739	-0.01310	0.13197	-0.09246	0.02974	0.98942	-0.16366	-0.05672	0.46800	0.29585	-0.09871	0.70998	0.08446	-0.10573	0.74398	0.06644	0.07065	0.97671	-0.08318	-0.08193	0.60633	0.13663	-0.05570	0.74888	0.10999	-0.12546
9	0.50582	0.13912	0.27707	0.12445	0.00182	0.10543	0.81679	0.16089	0.09998	0.13727	-0.08984	0.02753	0.94946	-0.06010	-0.05602	0.37081	0.41302	-0.08499	0.63840	0.19547	-0.10183	0.64872	0.16876	0.11915	0.95624	0.03302	-0.08142	0.49793	0.24943	-0.02869	0.72307	0.23151	-0.12009
10	0.41676	0.13838	0.37138	0.13053	0.03960	0.12585	0.74791	0.18337	0.21918	0.14094	-0.07673	0.02319	0.88665	0.05214	-0.04705	0.28927	0.51067	-0.06690	0.53191	0.31214	-0.08758	0.56392	0.25186	0.17848	0.91299	0.15545	-0.07137	0.39708	0.35162	0.00721	0.66008	0.35697	-0.10092
11	0.37010	0.13962	0.43684	0.13748	0.08293	0.14809	0.67643	0.19972	0.33230	0.14178	-0.05368	0.01647	0.81758	0.16246	-0.03110	0.24608	0.57830	-0.04584	0.43894	0.42023	-0.06302	0.52132	0.30373	0.24475	0.86369	0.27233	-0.05227	0.34290	0.42849	0.04988	0.58550	0.47419	-0.06832
12	0.36144	0.14418	0.47003	0.14502	0.12967	0.17059	0.63053	0.20321	0.42647	0.13989	-0.02199	0.00850	0.76742	0.25761	-0.00968	0.23573	0.61239	-0.02248	0.39367	0.50680	-0.02918	0.51882	0.32248	0.31409	0.82890	0.37117	-0.02477	0.32977	0.47521	0.09738	0.53211	0.57029	-0.02436
13	0.36250	0.15107	0.47443	0.15247	0.17823	0.19193	0.61566	0.20177	0.49309	0.13747	0.01671	0.00782	0.74974	0.32601	0.01594	0.23322	0.61649	0.00306	0.38649	0.56686	0.01238	0.52857	0.31333	0.38339	0.81670	0.44232	0.01058	0.32569	0.49348	0.14824	0.50971	0.63716	0.02795
14	0.35139	0.15677	0.45535	0.15941	0.22750	0.21094	0.61470	0.20621	0.52940	0.13667	0.06096	0.01761	0.75655	0.36202	0.04482	0.21967	0.59726	0.03092	0.38324	0.60148	0.06010	0.52478	0.28287	0.45035	0.81740	0.48144	0.05326	0.30973	0.48592	0.20124	0.50162	0.67267	0.08566
15	0.32590	0.15752	0.41732	0.16539	0.27653	0.22678	0.60789	0.21790	0.53644	0.13735	0.10948	0.02896	0.76688	0.36700	0.07638	0.19600	0.56044	0.06126	0.36272	0.61185	0.11248	0.50111	0.23626	0.51329	0.81429	0.48917	0.10265	0.28058	0.45527	0.25505	0.48767	0.67773	0.14641
16	0.29357	0.15298	0.36490	0.16998	0.32438	0.23880	0.58618	0.22970	0.51731	0.13738	0.16100	0.04033	0.76160	0.34706	0.11016	0.17211	0.51043	0.09407	0.32612	0.59810	0.16790	0.46538	0.17808	0.57086	0.79628	0.46954	0.15764	0.24323	0.40619	0.30821	0.46073	0.65453	0.20830
17	0.26032	0.14645	0.30323	0.17300	0.37005	0.24668	0.55049	0.23549	0.47664	0.13469	0.21404	0.05126	0.73427	0.30970	0.14559	0.15350	0.45135	0.12902	0.28206	0.56205	0.22443	0.42727	0.11309	0.62201	0.76158	0.42816	0.21658	0.20020	0.34525	0.35913	0.42407	0.60667	0.26957
18	0.22866	0.14121	0.23725	0.17435	0.41273	0.25043	0.50620	0.23647	0.41987	0.12855	0.26688	0.06141	0.69214	0.26144	0.18180	0.14057	0.38716	0.16550	0.23446	0.50826	0.28000	0.39154	0.04592	0.66624	0.71591	0.37061	0.27724	0.15388	0.27866	0.40647	0.38228	0.53918	0.32850
19	0.19894	0.13829	0.17093	0.17403	0.45199	0.25046	0.45957	0.23704	0.35242	0.11936	0.31774	0.07056	0.64723	0.20744	0.21764	0.13113	0.32151	0.20282	0.18512	0.44216	0.33273	0.35804	-0.01961	0.70371	0.66767	0.30214	0.33715	0.10764	0.21088	0.44942	0.33827	0.45795	0.38342
20	0.17018	0.13727	0.10728	0.17223	0.48779	0.24746	0.41594	0.23819	0.27917	0.10787	0.36512	0.07858	0.60705	0.15166	0.25195	0.12049	0.25752	0.24032	0.13947	0.36828	0.38135	0.32538	-0.08069	0.73524	0.62232	0.22777	0.39415	0.06467	0.14500	0.48780	0.29492	0.36897	0.43303
21	0.14149	0.13652	0.04865	0.16916	0.52039	0.24220	0.37875	0.23745	0.20417	0.09504	0.40807	0.08547	0.57337	0.09689	0.28379	0.10459	0.19753	0.27747	0.10457	0.29038	0.42530	0.29266	-0.13528	0.76187	0.58121	0.15170	0.44671	0.02721	0.08370	0.52182	0.25584	0.27770	0.47649
22	0.11319	0.13365	-0.00319	0.16489	0.55018	0.23534	0.34932	0.23319	0.13083	0.08231	0.44623	0.09127	0.54532	0.04479	0.31268	0.08431	0.14303	0.31395	0.08312	0.21230	0.46464	0.25892	-0.18192	0.78461	0.54472	0.07709	0.49409	-0.00365	0.02932	0.55198	0.22411	0.18912	0.51350
23	0.08589	0.12794	-0.04713	0.15953	0.57753	0.22741	0.32692	0.22679	0.06212	0.07130	0.47972	0.09603	0.52176	-0.00362	0.33863	0.06307	0.09485	0.34949	0.07112	0.13813	0.49979	0.22371	-0.21977	0.80431	0.51400	0.00648	0.53621	-0.02910	-0.01648	0.57880	0.20081	0.10748	0.54423
24	0.05983	0.12089	-0.08285	0.15338	0.60277	0.21887	0.30949	0.22077	0.00033	0.06326	0.50900	0.09980	0.50185	-0.04764	0.36201	0.04219	0.05349	0.38392	0.06165	0.07149	0.53136	0.18858	-0.24891	0.82166	0.48930	-0.05802	0.57339	-0.05127	-0.05312	0.60274	0.18517	0.03550	0.56924
25	0.03486	0.11491	-0.11069	0.14680	0.62624	0.21012	0.29471	0.21605	-0.05335	0.05844	0.53474	0.10257	0.48420	-0.08683	0.38354	0.02017	0.01906	0.41706	0.05079	0.01419	0.56007	0.15641	-0.27003	0.83728	0.46881	-0.11502	0.60606	-0.07199	-0.08109	0.62437	0.17504	-0.02576	0.58928
26	0.01102	0.11187	-0.13141	0.14007	0.64825	0.20151	0.28053	0.21117	-0.09887	0.05602	0.55766	0.10429	0.46576	-0.12085	0.40407	-0.00389	-0.00879	0.44879	0.03966	-0.03417	0.58663	0.12960	-0.28406	0.85174	0.44960	-0.16400	0.63471	-0.09264	-0.10138	0.64422	0.16712	-0.07646	0.60524
27	-0.01073	0.11230	-0.14599	0.13326	0.66912	0.19333	0.26500	0.20455	-0.13676	0.05500	0.57841	0.10496	0.44260	-0.14961	0.42427	-0.02745	-0.03100	0.47905	0.03008	-0.07488	0.61157	0.10899	-0.29204	0.86554	0.42994	-0.20531	0.65983	-0.11374	-0.11493	0.66277	0.15736	-0.11724	0.61797
28	-0.02897	0.11540	-0.15543	0.12650	0.68913	0.18573	0.24705	0.19680	-0.16782	0.05502	0.59753	0.10464	0.41327	-0.17362	0.44470	-0.04648	-0.04870	0.50787	0.02057	-0.10854	0.63525	0.09418	-0.29515	0.87903	0.41031	-0.23986	0.68195	-0.13462	-0.12244	0.68049	0.14402	-0.14925	0.62822
29	-0.04276	0.11985	-0.16065	0.12000	0.70855	0.17876	0.22701	0.18982	-0.19295	0.05607	0.61548	0.10345	0.37984	-0.19389	0.46571	-0.05938	-0.06277	0.53534	0.00853	-0.13530	0.65785	0.08453	-0.29453	0.89238	0.39185	-0.26873	0.70168	-0.15343	-0.12465	0.69793	0.12784	-0.17387	0.63670
30	-0.05254	0.12478	-0.16250	0.11406	0.72769	0.17238	0.20607	0.18460	-0.21315	0.05790	0.63269	0.10152	0.34627	-0.21148	0.48759	-0.06840	-0.07379	0.56166	-0.00620	-0.15592	0.67952	0.07941	-0.29116	0.90580	0.37425	-0.29282	0.71954	-0.16863	-0.12255	0.71562	0.10998	-0.19238	0.64411
31	-0.06044	0.12877	-0.16165	0.10879	0.74694	0.16658	0.18527	0.18085	-0.22937	0.06012	0.64954	0.09898	0.31599	-0.22714	0.51054	-0.07697	-0.08212	0.58716	-0.02162	-0.17190	0.70038	0.07579	-0.28564	0.91957	0.35627	-0.31285	0.73603	-0.18014	-0.11720	0.73410	0.09044	-0.20559	0.65122
32	-0.06935	0.12991	-0.15851	0.10415	0.76677	0.16131	0.16467	0.17845	-0.24222	0.06249	0.66647	0.09592	0.29036	-0.24119	0.53476	-0.08745	-0.08805	0.61232	-0.03711	-0.18453	0.72065	0.06866	-0.27815	0.93416	0.33711	-0.32930	0.75168	-0.18927	-0.10934	0.75384	0.06831	-0.21387	0.65881
33	-0.08210	0.12803	-0.15321	0.10015	0.78772	0.15648	0.14340	0.17785	-0.25205	0.06515	0.68401	0.09244	0.26840	-0.25358	0.56045	-0.10143	-0.09177	0.63782	-0.05494	-0.19427	0.74065	0.05450	-0.26877	0.95003	0.31653	-0.34267	0.76708	-0.19936	-0.09908	0.77531	0.04363	-0.21768	0.66784
34	-0.10078	0.12410	-0.14567	0.09693	0.81036	0.15191	0.12009	0.17940	-0.25898	0.06836	0.70276	0.08859	0.24758	-0.26412	0.58785	-0.11880	-0.09340	0.66447	-0.07792	-0.20103	0.76082	0.03135	-0.25752	0.96766	0.29428	-0.35336	0.78293	-0.21487	-0.08609	0.79896	0.01642	-0.21739	0.67943
35	-0.12602	0.11860	-0.13591	0.09463	0.83526	0.14741	0.09378	0.18244	-0.26308	0.07225	0.72349	0.08438	0.22553	-0.27267	0.61723	-0.13819	-0.09291	0.69313	-0.10645	-0.20478	0.78179	-0.00181	-0.24440	0.98744	0.26953	-0.36154	0.80002	-0.23807	-0.07042	0.82521	-0.01351	-0.21333	0.69493
36	-0.15710	0.11284	-0.12428	0.09340	0.86290	0.14285	0.06465	0.18601	-0.26449	0.07680	0.74717	0.07975	0.20166	-0.27930	0.64907	-0.15977	-0.09015	0.72447	-0.13881	-0.20548	0.80439	-0.04295	-0.22994	1.00980	0.24179	-0.36727	0.81932	-0.26859	-0.05275	0.85443	-0.04605	-0.20593	0.71591
37	-0.19304	0.10990	-0.11136	0.09364	0.89362	0.13827	0.03342	0.18953	-0.26323	0.08205	0.77496	0.07460	0.17676	-0.28425	0.68408	-0.18620	-0.08488	0.75889	-0.17309	-0.20273	0.82970	-0.08672	-0.21539	1.03517	0.21090	-0.37046	0.84195	-0.30620	-0.03381	0.88680	-0.08091	-0.19546	0.74411
38	-0.23422	0.11193	-0.09747	0.09560	0.92755	0.13388	0.00001	0.19216	-0.25894	0.08803	0.80813	0.06896	0.15052	-0.28756	0.72310	-0.22032	-0.07708	0.79640	-0.20710	-0.19613	0.85907	-0.12988	-0.20162	1.06400	0.17600	-0.37064	0.86911	-0.35245	-0.01371	0.92223	-0.11940	-0.18143	0.78125
39	-0.28251	0.11784	-0.08251	0.09894	0.96440	0.13001	-0.03617	0.19325	-0.25107	0.09483	0.84779	0.06316	0.12030	-0.28894	0.76688	-0.26384	-0.06689	0.83657	-0.23873	-0.18555	0.89387	-0.17511	-0.18834	1.09648	0.13765	-0.36703	0.90189	-0.40856	0.00769	0.96015	-0.16390	-0.16275	0.82850
40	-0.33876	0.12406	-0.06638	0.10289	1.00339	0.12686	-0.07557	0.19358	-0.23920	0.10259	0.89447	0.05794	0.08314	-0.28814	0.81592	-0.31706	-0.05475	0.87854	-0.26928	-0.17064	0.93504	-0.22698	-0.17460	1.13218	0.09861	-0.35921	0.94114	-0.47223	0.03020	0.99945	-0.21475	-0.13882	0.88580
41	-0.40111	0.12632	-0.04918	0.10681	1.04314	0.12443	-0.11909	0.19484	-0.22324	0.11132	0.94781	0.05403	0.03798	-0.28526	0.87028	-0.37958	-0.04114	0.92107	-0.30434	-0.15073	0.98248	-0.28693	-0.15978	1.16980	0.06009	-0.34684	0.98695	-0.53680	0.05338	1.03855	-0.27008	-0.11012	0.95154
42	-0.46669	0.12224	-0.03077	0.11047	1.08170	0.12249	-0.16844	0.19807	-0.20334	0.12084	1.00646	0.05171	-0.01436	-0.28059	0.92952	-0.45074	-0.02610	0.96250	-0.34963	-0.12558	1.03491	-0.35321	-0.14349	1.20722	0.01941	-0.32968	1.03840	-0.59613	0.07729	1.07537	-0.32918	-0.07752	1.02301
43	-0.53330	0.11368	-0.01074	0.11383	1.11662	0.12067	-0.22505	0.20268	-0.18011	0.13080	1.06835	0.05057	-0.07238	-0.27438	0.99260	-0.52829	-0.00938	1.00083	-0.40654	-0.09620	1.09020	-0.42221	-0.12524	1.24163	-0.02818	-0.30786	1.09362	-0.64940	0.10240	1.10739	-0.39308	-0.04200	1.09697
44	-0.59774	0.10510	0.01132	0.11670	1.14516	0.11854	-0.28890	0.20729	-0.15455	0.14067	1.13110	0.04983	-0.13469	-0.26683	1.05805	-0.60559	0.00905	1.03381	-0.47289	-0.06443	1.14591	-0.48893	-0.10424	1.26977	-0.08583	-0.28203	1.15025	-0.69869	0.12913	1.13192	-0.46220	-0.00493	1.17018
45	-0.65587	0.09967	0.03593	0.11873	1.16454	0.11562	-0.35890	0.21107	-0.12785	0.15000	1.19225	0.04881	-0.19994	-0.25811	1.12390	-0.67401	0.02947	1.05919	-0.54574	-0.03213	1.19971	-0.54838	-0.07944	1.28824	-0.15379	-0.25337	1.20586	-0.74522	0.15775	1.14619	-0.53613	0.03220	1.23952
46	-0.70461	0.09762	0.06385	0.11949	1.17214	0.11153	-0.43278	0.21433	-0.10110	0.15864	1.24930	0.04704	-0.26635	-0.24847	1.18772	-0.72816	0.05276	1.07485	-0.62233	-0.00070	1.24933	-0.59737	-0.04972	1.29386	-0.22898	-0.22356	1.25828	-0.78831	0.18849	1.14771	-0.61346	0.06833	1.30188
47	-0.74238	0.09765	0.09573	0.11852	1.16575	0.10604	-0.50768	0.21769	-0.07505	0.16671	1.29969	0.04412	-0.33233	-0.23813	1.24677	-0.76671	0.07980	1.07890	-0.69999	0.02899	1.29242	-0.63487	-0.01402	1.28392	-0.30647	-0.19421	1.30551	-0.82557	0.22141	1.13442	-0.69195	0.10315	1.35403
48	-0.76819	0.09833	0.13169	0.11540	1.14369	0.09916	-0.58092	0.22143	-0.04999	0.17433	1.34071	0.03966	-0.39667	-0.22731	1.29826	-0.79065	0.11089	1.06984	-0.77650	0.05668	1.32646	-0.66058	0.02811	1.25640	-0.38184	-0.16609	1.34553	-0.85335	0.25608	1.10482	-0.76869	0.13676	1.39258
49	-0.78140	0.09907	0.17113	0.10997	1.10494	0.09131	-0.65084	0.22509	-0.02569	0.18162	1.36965	0.03354	-0.45866	-0.21602	1.33949	-0.80121	0.14582	1.04661	-0.84998	0.08279	1.34876	-0.67392	0.07602	1.21017	-0.45322	-0.13906	1.37615	-0.86907	0.29154	1.05805	-0.84151	0.16952	1.41421
50	-0.78248	0.10027	0.21271	0.10233	1.04923	0.08338	-0.71627	0.22759	-0.00159	0.18851	1.38397	0.02681	-0.51754	-0.20409	1.36800	-0.80021	0.18395	1.00856	-0.91852	0.10822	1.35668	-0.67453	0.12783	1.14514	-0.52089	-0.11216	1.39508	-0.87270	0.32635	0.99400	-0.90815	0.20167	1.41612
51	-0.77301	0.10216	0.25439	0.09270	0.97712	0.07676	-0.77538	0.22807	0.02297	0.19475	1.38155	0.02374	-0.57173	-0.19103	1.38172	-0.78948	0.22391	0.95558	-0.98003	0.13410	1.34800	-0.66362	0.18076	1.06234	-0.58423	-0.08425	1.40014	-0.86594	0.35849	0.91342	-0.96552	0.23308	1.39635
52	-0.75565	0.10418	0.29350	0.08115	0.89005	0.07296	-0.82558	0.22609	0.04856	0.19995	1.36096	0.03052	-0.61926	-0.17610	1.37917	-0.77049	0.26357	0.88826	-1.03228	0.16153	1.32102	-0.64485	0.23157	0.96390	-0.64092	-0.05445	1.38960	-0.85162	0.38537	0.81801	-1.00987	0.26325	1.35404
53	-0.73406	0.10511	0.32722	0.06782	0.79054	0.07271	-0.86443	0.22132	0.07560	0.20350	1.32146	0.04592	-0.65852	-0.15824	1.35944	-0.74554	0.30027	0.80785	-1.07279	0.19132	1.27467	-0.62368	0.27701	0.85304	-0.68838	-0.02216	1.36230	-0.83295	0.40436	0.71073	-1.03803	0.29148	1.28942
54	-0.71235	0.10303	0.35291	0.05314	0.68217	0.07508	-0.88975	0.21310	0.10425	0.20478	1.26298	0.06569	-0.68825	-0.13639	1.32204	-0.71890	0.33119	0.71646	-1.09802	0.22354	1.20857	-0.60620	0.31408	0.73398	-0.72476	0.01277	1.31762	-0.81194	0.41347	0.59607	-1.04798	0.31708	1.20371
55	-0.69356	0.09630	0.36843	0.03798	0.56938	0.07800	-0.89976	0.20056	0.13414	0.20309	1.18609	0.08733	-0.70722	-0.10964	1.26680	-0.69578	0.35391	0.61723	-1.10370	0.25715	1.12311	-0.59616	0.33984	0.61155	-0.74925	0.04980	1.25545	-0.78873	0.41152	0.47937	-1.03887	0.33924	1.09899
56	-0.67839	0.08481	0.37236	0.02390	0.45700	0.07942	-0.89338	0.18348	0.16426	0.19771	1.09186	0.10900	-0.71408	-0.07760	1.19379	-0.67899	0.36666	0.51398	-1.08756	0.29017	1.01955	-0.59329	0.35184	0.49073	-0.76138	0.08772	1.17601	-0.76291	0.39860	0.36628	-1.01052	0.35676	0.97808
57	-0.66529	0.07039	0.36432	0.01383	0.34982	0.07778	-0.87067	0.16316	0.19295	0.18805	0.98197	0.12895	-0.70755	-0.04086	1.10334	-0.66791	0.36836	0.41085	-1.05081	0.31994	0.90007	-0.59363	0.34893	0.37637	-0.76053	0.12473	1.07986	-0.73434	0.37568	0.26225	-0.96377	0.36800	0.84463
58	-0.65250	0.05748	0.34579	0.01366	0.25236	0.07226	-0.83310	0.14213	0.21792	0.17384	0.85889	0.14528	-0.68707	-0.00114	0.99631	-0.65988	0.35922	0.31199	-0.99735	0.34322	0.76795	-0.59169	0.33191	0.27310	-0.74609	0.15856	0.96808	-0.70592	0.34624	0.17200	-0.90190	0.37104	0.70320
59	-0.63681	0.04799	0.31833	0.02008	0.16832	0.06301	-0.78414	0.12313	0.23669	0.15537	0.72628	0.15602	-0.65362	0.03870	0.87478	-0.65217	0.34106	0.22143	-0.93209	0.35671	0.62801	-0.58303	0.30305	0.18483	-0.71884	0.18686	0.84267	-0.67524	0.31087	0.09870	-0.83202	0.36450	0.55964
60	-0.62020	0.04510	0.28710	0.02588	0.10027	0.05104	-0.72891	0.10805	0.24738	0.13384	0.58940	0.15941	-0.61019	0.07536	0.74251	-0.64176	0.31635	0.14270	-0.86101	0.35835	0.48693	-0.56836	0.26719	0.11448	-0.68105	0.20730	0.70727	-0.65047	0.27777	0.04364	-0.76337	0.34850	0.42089
61	-0.59633	0.04713	0.25168	0.03352	0.04861	0.03791	-0.67224	0.09737	0.24888	0.11082	0.45486	0.15451	-0.56122	0.10579	0.60510	-0.62828	0.28908	0.07809	-0.78999	0.34783	0.35258	-0.54219	0.22437	0.06189	-0.63547	0.21802	0.56771	-0.61851	0.24158	0.00584	-0.70227	0.32387	0.29408
62	-0.49553	0.12942	0.17016	0.10279	0.01327	0.02704	-0.61780	0.09048	0.24170	0.08839	0.32983	0.14168	-0.51167	0.12795	0.46979	-0.60682	0.25938	0.02896	-0.72262	0.32631	0.23275	-0.52626	0.19334	0.02880	-0.58449	0.21809	0.43145	-0.35351	0.05776	-0.01795	-0.65241	0.29446	0.18532
63	-0.46071	0.11663	0.14181	0.08698	-0.00853	0.00991	-0.56628	0.08523	0.22598	0.06720	0.22072	0.12276	-0.46632	0.14101	0.34408	-0.58700	0.23752	-0.00637	-0.66124	0.29695	0.13358	-0.43807	0.12029	0.00012	-0.53156	0.20854	0.30690	-0.35706	0.06760	-0.01935	-0.60600	0.25740	0.09835
64	-0.41393	0.10485	0.11353	0.07776	-0.02172	0.00380	-0.52384	0.08261	0.20878	0.05110	0.13231	0.10031	-0.42920	0.14577	0.23541	-0.53365	0.20056	-0.02602	-0.60336	0.26100	0.05843	-0.33848	0.05088	-0.02035	-0.48099	0.19098	0.20038	-0.36966	0.08915	-0.01880	-0.58179	0.23738	0.03502
65	-0.35658	0.01474	0.08396	0.01128	-0.01787	0.00095	-0.47419	0.07039	0.17628	0.04199	0.06553	0.07783	-0.40279	0.14361	0.14598	-0.34205	0.07302	-0.01857	-0.56572	0.23690	0.00665	-0.37151	0.08333	-0.01679	-0.43981	0.17114	0.11800	-0.35619	0.09554	-0.01825	-0.48846	0.15348	-0.00851
66	-0.35021	0.01173	0.09528	0.00616	-0.01780	0.00133	-0.40566	0.02291	0.12543	0.02928	0.02431	0.05540	-0.38345	0.13906	0.08597	-0.35511	0.10007	-0.01934	-0.43752	0.13382	-0.01966	-0.35869	0.08833	-0.01706	-0.40404	0.14661	0.05619	-0.33682	0.09744	-0.01699	-0.39765	0.08222	-0.02525
67	-0.33326	0.01941	0.09795	0.01046	-0.01667	0.00182	-0.37940	0.03322	0.11034	0.02200	-0.01060	0.02293	-0.37139	0.12770	0.02378	-0.34776	0.11002	-0.01876	-0.40361	0.11735	-0.02289	-0.34081	0.09155	-0.01575	-0.33575	0.07811	-0.02114	-0.31121	0.09227	-0.01550	-0.40686	0.11821	-0.02215
68	-0.31111	0.02526	0.09452	0.01568	-0.01533	0.00207	-0.37557	0.02483	0.12102	0.01567	-0.02275	0.00335	-0.37022	0.12438	-0.02771	-0.33500	0.11243	-0.01769	-0.40691	0.13716	-0.02103	-0.31366	0.08782	-0.01448	-0.34674	0.09955	-0.02045	-0.28467	0.08330	-0.01384	-0.37839	0.12298	-0.02180
69	-0.28626	0.02898	0.08658	0.01827	-0.01377	0.00210	-0.36004	0.01763	0.12856	0.01253	-0.01951	0.00054	-0.36837	0.14165	-0.01872	-0.31602	0.10692	-0.01615	-0.38087	0.13515	-0.01994	-0.28466	0.08127	-0.01301	-0.34690	0.11311	-0.01963	-0.25811	0.07156	-0.01216	-0.34401	0.12433	-0.01976
70	-0.26070	0.03066	0.07589	0.01875	-0.01218	0.00195	-0.33412	0.02484	0.12654	0.01377	-0.01855	0.00097	-0.35500	0.14477	-0.01982	-0.29280	0.09568	-0.01436	-0.34726	0.12944	-0.01810	-0.25760	0.07359	-0.01159	-0.33533	0.11752	-0.01872	-0.23172	0.05840	-0.01059	-0.29889	0.11444	-0.01757
71	-0.23571	0.03130	0.06413	0.01822	-0.01068	0.00169	-0.29970	0.03533	0.11709	0.01746	-0.01661	0.00113	-0.33122	0.13999	-0.01782	-0.26775	0.08133	-0.01253	-0.30457	0.11654	-0.01621	-0.23417	0.06603	-0.01029	-0.31365	0.11428	-0.01716	-0.20521	0.04504	-0.00923	-0.24938	0.09755	-0.01524
72	-0.21085	0.03125	0.05215	0.01737	-0.00941	0.00136	-0.26050	0.04290	0.10236	0.02071	-0.01483	0.00138	-0.29846	0.12745	-0.01628	-0.24193	0.06587	-0.01086	-0.25926	0.10041	-0.01433	-0.21120	0.05796	-0.00921	-0.28341	0.10466	-0.01555	-0.17942	0.03261	-0.00816	-0.20088	0.07691	-0.01315
73	-0.18513	0.03005	0.04012	0.01616	-0.00846	0.00103	-0.22060	0.04523	0.08509	0.02221	-0.01313	0.00137	-0.25987	0.11003	-0.01452	-0.21523	0.05062	-0.00950	-0.21511	0.08275	-0.01265	-0.18502	0.04824	-0.00844	-0.24839	0.09107	-0.01392	-0.15513	0.02151	-0.00743	-0.15902	0.05652	-0.01144
74	-0.15774	0.02797	0.02799	0.01441	-0.00786	0.00074	-0.18372	0.04290	0.06759	0.02150	-0.01171	0.00122	-0.21960	0.09019	-0.01289	-0.18709	0.03617	-0.00853	-0.17539	0.06525	-0.01129	-0.15473	0.03644	-0.00799	-0.21345	0.07571	-0.01247	-0.13139	0.01136	-0.00707	-0.12644	0.03923	-0.01019
75	-0.12837	0.02614	0.01587	0.01211	-0.00762	0.00051	-0.15251	0.03827	0.05131	0.01879	-0.01060	0.00098	-0.18215	0.06974	-0.01147	-0.15719	0.02259	-0.00796	-0.14074	0.04873	-0.01029	-0.12174	0.02314	-0.00786	-0.18368	0.06054	-0.01128	-0.10618	0.00189	-0.00703	-0.10347	0.02625	-0.00936
76	-0.09847	0.02540	0.00458	0.00926	-0.00767	0.00038	-0.12761	0.03390	0.03668	0.01482	-0.00983	0.00072	-0.15060	0.04959	-0.01035	-0.12748	0.01039	-0.00775	-0.11046	0.03354	-0.00967	-0.08770	0.00946	-0.00799	-0.16080	0.04653	-0.01041	-0.08021	-0.00609	-0.00725	-0.08859	0.01705	-0.00887
77	-0.07153	0.02547	-0.00436	0.00600	-0.00794	0.00035	-0.10750	0.03080	0.02333	0.01061	-0.00935	0.00051	-0.12463	0.03002	-0.00955	-0.10092	0.00063	-0.00785	-0.08434	0.01968	-0.00936	-0.05600	-0.00268	-0.00832	-0.14212	0.03355	-0.00986	-0.05766	-0.01102	-0.00764	-0.07890	0.01009	-0.00865
78	-0.05105	0.02467	-0.00945	0.00338	-0.00836	0.00035	-0.08967	0.02856	0.01089	0.00749	-0.00914	0.00041	-0.10161	0.01154	-0.00907	-0.07892	-0.00557	-0.00818	-0.06162	0.00698	-0.00931	-0.03200	-0.01102	-0.00876	-0.12406	0.02110	-0.00957	-0.04223	-0.01176	-0.00812	-0.07137	0.00393	-0.00862
79	-0.03820	0.02108	-0.01028	0.00361	-0.00887	0.00034	-0.07241	0.02693	-0.00064	0.00661	-0.00914	0.00038	-0.07958	-0.00496	-0.00888	-0.06130	-0.00754	-0.00867	-0.04131	-0.00454	-0.00943	-0.02002	-0.01437	-0.00926	-0.10525	0.00910	-0.00948	-0.03327	-0.00892	-0.00867	-0.06350	-0.00217	-0.00875
80	-0.03218	0.01337	-0.00770	0.00477	-0.00943	0.00030	-0.05517	0.02607	-0.01095	0.00720	-0.00929	0.00038	-0.05824	-0.01865	-0.00891	-0.04731	-0.00556	-0.00926	-0.02272	-0.01457	-0.00969	-0.02196	-0.01317	-0.00978	-0.08636	-0.00222	-0.00951	-0.02728	-0.00438	-0.00925	-0.05335	-0.00837	-0.00903
81	-0.03160	0.00810	-0.00344	0.00471	-0.01002	0.00024	-0.03833	0.02561	-0.01961	0.00776	-0.00956	0.00040	-0.03871	-0.02914	-0.00911	-0.03573	-0.00120	-0.00990	-0.00595	-0.02265	-0.01008	-0.03680	-0.00885	-0.01030	-0.06860	-0.01238	-0.00962	-0.02227	-0.00028	-0.00985	-0.04007	-0.01427	-0.00943
82	-0.03413	0.02133	0.00055	0.00344	-0.01059	0.00020	-0.02278	0.02510	-0.02633	0.00784	-0.00993	0.00046	-0.02286	-0.03640	-0.00944	-0.02606	0.00327	-0.01057	0.00853	-0.02866	-0.01056	-0.05832	-0.00332	-0.01080	-0.05292	-0.02076	-0.00981	-0.01800	0.00169	-0.01041	-0.02387	-0.01952	-0.00993
83	-0.03552	0.03483	0.00227	0.00305	-0.01111	0.00021	-0.00898	0.02521	-0.03129	0.00731	-0.01037	0.00052	-0.01223	-0.04067	-0.00988	-0.01823	0.00578	-0.01120	0.02146	-0.03325	-0.01106	-0.07562	0.00065	-0.01126	-0.03990	-0.02706	-0.01009	-0.01272	0.00037	-0.01087	-0.00525	-0.02417	-0.01046
84	-0.03125	0.04236	-0.00006	0.00476	-0.01151	0.00032	0.00422	0.02751	-0.03528	0.00618	-0.01081	0.00051	-0.00522	-0.04279	-0.01034	-0.01001	0.00466	-0.01175	0.03502	-0.03767	-0.01146	-0.08002	0.00003	-0.01163	-0.02886	-0.03167	-0.01047	-0.00371	-0.00487	-0.01114	0.01595	-0.02899	-0.01096
85	-0.01693	0.04259	-0.00774	0.00665	-0.01172	0.00049	0.01931	0.03265	-0.03943	0.00480	-0.01117	0.00042	0.00230	-0.04386	-0.01077	0.00388	-0.00139	-0.01214	0.05190	-0.04329	-0.01168	-0.06592	-0.00718	-0.01184	-0.01784	-0.03536	-0.01088	0.01125	-0.01466	-0.01118	0.04089	-0.03519	-0.01134
86	0.00970	0.03654	-0.02102	0.00812	-0.01166	0.00067	0.03883	0.03962	-0.04473	0.00508	-0.01139	0.00029	0.01506	-0.04497	-0.01110	0.02774	-0.01305	-0.01226	0.07360	-0.05110	-0.01171	-0.03236	-0.02073	-0.01179	-0.00459	-0.03869	-0.01120	0.03370	-0.02928	-0.01094	0.07125	-0.04415	-0.01155
87	0.04722	0.02700	-0.03920	0.00913	-0.01128	0.00084	0.06418	0.04683	-0.05194	0.00888	-0.01141	0.00013	0.03612	-0.04719	-0.01126	0.06111	-0.03007	-0.01206	0.10021	-0.06167	-0.01151	0.01610	-0.03917	-0.01141	0.01297	-0.04215	-0.01134	0.06446	-0.04834	-0.01039	0.10742	-0.05677	-0.01151
88	0.09045	0.01653	-0.06111	0.00952	-0.01057	0.00097	0.09536	0.05233	-0.06170	0.01454	-0.01118	0.00008	0.06647	-0.05180	-0.01120	0.09937	-0.05143	-0.01149	0.13003	-0.07516	-0.01107	0.07138	-0.06144	-0.01067	0.03696	-0.04673	-0.01127	0.10060	-0.07047	-0.00956	0.14799	-0.07312	-0.01117
89	0.13331	0.00668	-0.08563	0.00939	-0.00955	0.00103	0.13121	0.05440	-0.07446	0.02042	-0.01067	0.00028	0.10515	-0.05996	-0.01087	0.13622	-0.07583	-0.01055	0.16106	-0.09153	-0.01037	0.12567	-0.08651	-0.00959	0.06890	-0.05386	-0.01093	0.13804	-0.09455	-0.00850	0.18973	-0.09250	-0.01049
90	0.17160	0.00414	-0.11204	0.00917	-0.00825	0.00104	0.16855	0.05183	-0.09032	0.02547	-0.00986	0.00047	0.14799	-0.07220	-0.01023	0.16682	-0.10218	-0.00930	0.19151	-0.11072	-0.00942	0.17383	-0.11364	-0.00822	0.10773	-0.06468	-0.01031	0.17413	-0.12030	-0.00722	0.22695	-0.11366	-0.00948
91	0.20394	0.01134	-0.13997	0.00904	-0.00669	0.00100	0.20305	0.04467	-0.10909	0.02911	-0.00876	0.00067	0.18857	-0.08866	-0.00929	0.19114	-0.13001	-0.00773	0.22133	-0.13272	-0.00819	0.21274	-0.14224	-0.00661	0.14902	-0.07956	-0.00940	0.20794	-0.14766	-0.00573	0.25327	-0.13545	-0.00817
92	0.23293	0.01538	-0.16920	0.00864	-0.00488	0.00093	0.23228	0.03578	-0.13086	0.03150	-0.00739	0.00089	0.22154	-0.10933	-0.00808	0.21523	-0.15960	-0.00585	0.25372	-0.15801	-0.00665	0.24304	-0.17166	-0.00478	0.18687	-0.09838	-0.00825	0.24053	-0.17634	-0.00400	0.26698	-0.15770	-0.00660
93	0.26513	0.01526	-0.19955	0.00754	-0.00281	0.00081	0.25884	0.03398	-0.15614	0.03340	-0.00576	0.00115	0.24588	-0.13425	-0.00661	0.24777	-0.19124	-0.00364	0.29561	-0.18768	-0.00477	0.27120	-0.20143	-0.00275	0.21813	-0.12109	-0.00690	0.27641	-0.20598	-0.00203	0.27575	-0.18154	-0.00478
94	0.30803	0.01362	-0.23039	0.00580	-0.00053	0.00066	0.29048	0.04702	-0.18550	0.03544	-0.00390	0.00145	0.26658	-0.16340	-0.00490	0.29482	-0.22437	-0.00116	0.35448	-0.22224	-0.00258	0.30725	-0.23084	-0.00059	0.24634	-0.14798	-0.00540	0.32202	-0.23595	0.00015	0.29454	-0.20837	-0.00273
95	0.36665	0.01294	-0.26026	0.00403	0.00183	0.00051	0.33556	0.06813	-0.21850	0.03719	-0.00189	0.00176	0.29386	-0.19642	-0.00300	0.35834	-0.25739	0.00149	0.43139	-0.26016	-0.00023	0.36006	-0.25851	0.00158	0.28077	-0.17927	-0.00376	0.38156	-0.26487	0.00242	0.33621	-0.23816	-0.00056
96	0.43972	0.01217	-0.28700	0.00412	0.00409	0.00049	0.39745	0.08614	-0.25304	0.03712	0.00018	0.00199	0.33892	-0.23209	-0.00101	0.43558	-0.28783	0.00409	0.51709	-0.29726	0.00210	0.43015	-0.28253	0.00360	0.33047	-0.21430	-0.00198	0.45342	-0.29065	0.00457	0.40331	-0.26850	0.00162
97	0.51658	0.01237	-0.30721	0.00748	0.00599	0.00071	0.47083	0.09056	-0.28527	0.03348	0.00217	0.00206	0.40658	-0.26773	0.00100	0.51854	-0.31241	0.00642	0.59357	-0.32742	0.00417	0.50334	-0.29864	0.00517	0.39859	-0.25087	-0.00010	0.52786	-0.31058	0.00639	0.48459	-0.29505	0.00364
98	0.58452	0.01392	-0.31879	0.01093	0.00742	0.00089	0.54181	0.07468	-0.31012	0.02531	0.00392	0.00189	0.48954	-0.29888	0.00287	0.59507	-0.32785	0.00818	0.64081	-0.34416	0.00572	0.56875	-0.30665	0.00644	0.47905	-0.28498	0.00180	0.58975	-0.32188	0.00763	0.55783	-0.31246	0.00528
99	0.65357	0.03200	-0.33195	0.01025	0.00919	0.00118	0.59164	0.03864	-0.32224	0.01394	0.00522	0.00145	0.56863	-0.31980	0.00444	0.65056	-0.33134	0.00912	0.64360	-0.34247	0.00653	0.68696	-0.34250	0.01041	0.55679	-0.31110	0.00357	0.62319	-0.32202	0.00805	0.59754	-0.31561	0.00632
100	0.61891	0.04989	-0.29808	0.03029	0.00768	0.00119	0.60296	0.01686	-0.31755	0.01148	0.00586	0.00074	0.62002	-0.32528	0.00553	0.66959	-0.32093	0.00898	0.59512	-0.32030	0.00642	0.56985	-0.26372	0.00663	0.61349	-0.32398	0.00497	0.61728	-0.30959	0.00745	0.58322	-0.30063	0.00652
101	0.59268	0.04108	-0.27841	0.02139	0.00632	0.00112	0.56605	0.07394	-0.29460	0.02594	0.00566	0.00026	0.62557	-0.31259	0.00591	0.64011	-0.29601	0.00761	0.49753	-0.27909	0.00529	0.56829	-0.25460	0.00564	0.63428	-0.32031	0.00574	0.56965	-0.28461	0.00570	0.50682	-0.26642	0.00570
