	Mean	Std Dev	Mean	Std Dev	Mean	Std Dev	Mean	Std Dev	Mean	Std Dev	Mean	Std Dev	2014_06_24_PC021_BAREFOOT_GAIT0002_01.c3d	2014_06_24_PC021_BAREFOOT_GAIT0002_01.c3d	2014_06_24_PC021_BAREFOOT_GAIT0002_01.c3d	2014_06_24_PC021_BAREFOOT_GAIT0003_01.c3d	2014_06_24_PC021_BAREFOOT_GAIT0003_01.c3d	2014_06_24_PC021_BAREFOOT_GAIT0003_01.c3d	2014_06_24_PC021_BAREFOOT_GAIT0003_03.c3d	2014_06_24_PC021_BAREFOOT_GAIT0003_03.c3d	2014_06_24_PC021_BAREFOOT_GAIT0003_03.c3d	2014_06_24_PC021_BAREFOOT_GAIT0004_05.c3d	2014_06_24_PC021_BAREFOOT_GAIT0004_05.c3d	2014_06_24_PC021_BAREFOOT_GAIT0004_05.c3d
	LHIP_MF_N	LHIP_MF_N	LKNEE_MF_N	LKNEE_MF_N	LANKLE_MF_N	LANKLE_MF_N	RHIP_MF_N	RHIP_MF_N	RKNEE_MF_N	RKNEE_MF_N	RANKLE_MF_N	RANKLE_MF_N	LHIP_MF_N	LKNEE_MF_N	LANKLE_MF_N	LHIP_MF_N	LKNEE_MF_N	LANKLE_MF_N	RHIP_MF_N	RKNEE_MF_N	RANKLE_MF_N	RHIP_MF_N	RKNEE_MF_N	RANKLE_MF_N
	LINK_MODEL_BASED	LINK_MODEL_BASED	LINK_MODEL_BASED	LINK_MODEL_BASED	LINK_MODEL_BASED	LINK_MODEL_BASED	LINK_MODEL_BASED	LINK_MODEL_BASED	LINK_MODEL_BASED	LINK_MODEL_BASED	LINK_MODEL_BASED	LINK_MODEL_BASED	LINK_MODEL_BASED	LINK_MODEL_BASED	LINK_MODEL_BASED	LINK_MODEL_BASED	LINK_MODEL_BASED	LINK_MODEL_BASED	LINK_MODEL_BASED	LINK_MODEL_BASED	LINK_MODEL_BASED	LINK_MODEL_BASED	LINK_MODEL_BASED	LINK_MODEL_BASED
	ORIGINAL	ORIGINAL	ORIGINAL	ORIGINAL	ORIGINAL	ORIGINAL	ORIGINAL	ORIGINAL	ORIGINAL	ORIGINAL	ORIGINAL	ORIGINAL	ORIGINAL	ORIGINAL	ORIGINAL	ORIGINAL	ORIGINAL	ORIGINAL	ORIGINAL	ORIGINAL	ORIGINAL	ORIGINAL	ORIGINAL	ORIGINAL
ITEM	Y	Y	Y	Y	Y	Y	Y	Y	Y	Y	Y	Y	Y	Y	Y	Y	Y	Y	Y	Y	Y	Y	Y	Y
1	0.03642	0.03791	-0.00547	0.01645	-0.01324	0.01094	-0.11748	0.04763	-0.02485	0.00510	0.02408	0.00281	0.06323	0.00616	-0.00551	0.00962	-0.01711	-0.02097	-0.08380	-0.02846	0.02606	-0.15116	-0.02125	0.02209
2	0.05113	0.04610	-0.00199	0.02186	-0.01951	0.01696	-0.12164	0.03288	-0.02373	0.01759	0.01869	0.01018	0.08373	0.01346	-0.00752	0.01854	-0.01745	-0.03150	-0.09839	-0.03617	0.01149	-0.14490	-0.01130	0.02589
3	0.07485	0.05221	0.00263	0.02685	-0.02547	0.02415	-0.11576	0.01123	-0.02033	0.03239	0.01082	0.02745	0.11177	0.02162	-0.00839	0.03794	-0.01635	-0.04254	-0.10782	-0.04323	-0.00860	-0.12370	0.00257	0.03023
4	0.11199	0.05507	0.00919	0.03090	-0.03056	0.03278	-0.09555	0.01619	-0.01430	0.04769	0.00055	0.04804	0.15093	0.03104	-0.00738	0.07305	-0.01266	-0.05374	-0.10700	-0.04802	-0.03342	-0.08411	0.01941	0.03452
5	0.16297	0.05689	0.01804	0.03391	-0.03412	0.04178	-0.06079	0.04825	-0.00624	0.06207	-0.01116	0.06958	0.20320	0.04202	-0.00458	0.12274	-0.00594	-0.06366	-0.09491	-0.05013	-0.06036	-0.02668	0.03764	0.03804
6	0.22567	0.05983	0.02985	0.03633	-0.03618	0.05040	-0.01320	0.08136	0.00405	0.07468	-0.02334	0.08992	0.26797	0.05554	-0.00055	0.18336	0.00416	-0.07182	-0.07073	-0.04876	-0.08692	0.04433	0.05686	0.04024
7	0.29203	0.06304	0.04448	0.03807	-0.03669	0.05791	0.04236	0.11050	0.01661	0.08616	-0.03563	0.10847	0.33660	0.07140	0.00426	0.24745	0.01756	-0.07764	-0.03577	-0.04431	-0.11233	0.12050	0.07753	0.04107
8	0.35438	0.06302	0.06266	0.03920	-0.03566	0.06421	0.09957	0.13252	0.03138	0.09857	-0.04754	0.12492	0.39895	0.09038	0.00974	0.30982	0.03495	-0.08107	0.00586	-0.03832	-0.13588	0.19327	0.10108	0.04079
9	0.41166	0.05984	0.08576	0.04130	-0.03354	0.06971	0.15638	0.14636	0.04920	0.11386	-0.05881	0.13937	0.45397	0.11497	0.01575	0.36934	0.05656	-0.08284	0.05289	-0.03131	-0.15736	0.25988	0.12972	0.03975
10	0.46666	0.05734	0.11316	0.04604	-0.03136	0.07485	0.21563	0.15346	0.07103	0.13305	-0.06961	0.15245	0.50720	0.14571	0.02156	0.42612	0.08061	-0.08429	0.10711	-0.02306	-0.17740	0.32414	0.16511	0.03819
11	0.51991	0.05906	0.14211	0.05365	-0.03012	0.07979	0.27990	0.15776	0.09680	0.15576	-0.08021	0.16506	0.56167	0.18004	0.02630	0.47814	0.10417	-0.08654	0.16835	-0.01334	-0.19693	0.39146	0.20694	0.03650
12	0.56725	0.06528	0.16922	0.06288	-0.03006	0.08433	0.34821	0.16275	0.12507	0.17980	-0.09049	0.17783	0.61342	0.21368	0.02957	0.52109	0.12476	-0.08969	0.23313	-0.00206	-0.21623	0.46328	0.25221	0.03525
13	0.60436	0.07416	0.19227	0.07204	-0.03069	0.08800	0.41683	0.17044	0.15370	0.20281	-0.09980	0.19054	0.65680	0.24321	0.03153	0.55191	0.14134	-0.09291	0.29630	0.01029	-0.23453	0.53735	0.29711	0.03493
14	0.62936	0.08312	0.21021	0.07952	-0.03128	0.09035	0.48217	0.18071	0.18108	0.22317	-0.10739	0.20242	0.68814	0.26644	0.03261	0.57059	0.15398	-0.09516	0.35439	0.02327	-0.25052	0.60995	0.33889	0.03574
15	0.64110	0.08962	0.22205	0.08398	-0.03126	0.09107	0.54135	0.19149	0.20620	0.23957	-0.11286	0.21268	0.70447	0.28143	0.03313	0.57773	0.16266	-0.09566	0.40595	0.03680	-0.26325	0.67676	0.37561	0.03753
16	0.63834	0.09208	0.22687	0.08481	-0.03043	0.09006	0.59153	0.20010	0.22780	0.25110	-0.11610	0.22057	0.70345	0.28684	0.03325	0.57322	0.16690	-0.09411	0.45004	0.05025	-0.27206	0.73301	0.40535	0.03987
17	0.62110	0.09035	0.22467	0.08239	-0.02884	0.08746	0.62990	0.20503	0.24395	0.25785	-0.11728	0.22552	0.68499	0.28293	0.03300	0.55721	0.16641	-0.09069	0.48493	0.06163	-0.27675	0.77488	0.42628	0.04218
18	0.59158	0.08543	0.21651	0.07778	-0.02677	0.08361	0.65513	0.20645	0.25301	0.26061	-0.11686	0.22741	0.65200	0.27151	0.03235	0.53117	0.16151	-0.08589	0.50915	0.06873	-0.27766	0.80111	0.43728	0.04394
19	0.55379	0.07860	0.20416	0.07209	-0.02452	0.07882	0.66790	0.20520	0.25452	0.26010	-0.11535	0.22653	0.60938	0.25513	0.03121	0.49821	0.15318	-0.08026	0.52280	0.07060	-0.27554	0.81300	0.43843	0.04483
20	0.51227	0.07116	0.18965	0.06638	-0.02227	0.07344	0.67049	0.20121	0.24923	0.25673	-0.11325	0.22355	0.56259	0.23659	0.02966	0.46195	0.14271	-0.07420	0.52822	0.06770	-0.27132	0.81277	0.43076	0.04483
21	0.47054	0.06391	0.17479	0.06145	-0.02007	0.06783	0.66535	0.19446	0.23851	0.25105	-0.11080	0.21916	0.51573	0.21824	0.02789	0.42534	0.13133	-0.06803	0.52785	0.06099	-0.26577	0.80286	0.41602	0.04417
22	0.43084	0.05707	0.16088	0.05762	-0.01790	0.06231	0.65458	0.18610	0.22391	0.24398	-0.10800	0.21386	0.47120	0.20162	0.02616	0.39049	0.12013	-0.06196	0.52299	0.05140	-0.25922	0.78617	0.39643	0.04322
23	0.39447	0.05059	0.14873	0.05459	-0.01575	0.05718	0.63976	0.17792	0.20699	0.23678	-0.10470	0.20788	0.43025	0.18733	0.02468	0.35870	0.11013	-0.05619	0.51395	0.03957	-0.25169	0.76557	0.37442	0.04230
24	0.36194	0.04470	0.13874	0.05177	-0.01363	0.05269	0.62211	0.17153	0.18927	0.23065	-0.10082	0.20132	0.39355	0.17535	0.02363	0.33033	0.10214	-0.05089	0.50082	0.02617	-0.24317	0.74340	0.35236	0.04154
25	0.33386	0.04005	0.13108	0.04872	-0.01157	0.04909	0.60289	0.16780	0.17221	0.22616	-0.09643	0.19430	0.36218	0.16553	0.02314	0.30554	0.09663	-0.04628	0.48424	0.01229	-0.23382	0.72155	0.33213	0.04096
26	0.31108	0.03739	0.12577	0.04549	-0.00965	0.04655	0.58344	0.16601	0.15706	0.22289	-0.09178	0.18709	0.33751	0.15794	0.02326	0.28464	0.09361	-0.04257	0.46605	-0.00055	-0.22407	0.70083	0.31467	0.04052
27	0.29388	0.03665	0.12272	0.04247	-0.00797	0.04514	0.56477	0.16461	0.14441	0.21993	-0.08720	0.18019	0.31980	0.15275	0.02394	0.26797	0.09269	-0.03989	0.44837	-0.01110	-0.21461	0.68116	0.29992	0.04021
28	0.28205	0.03714	0.12173	0.04013	-0.00666	0.04480	0.54739	0.16292	0.13429	0.21657	-0.08302	0.17408	0.30831	0.15010	0.02502	0.25579	0.09335	-0.03834	0.43219	-0.01884	-0.20612	0.66259	0.28743	0.04007
29	0.27503	0.03797	0.12236	0.03868	-0.00583	0.04543	0.53207	0.16061	0.12669	0.21258	-0.07948	0.16921	0.30188	0.14971	0.02630	0.24818	0.09502	-0.03795	0.41850	-0.02363	-0.19913	0.64563	0.27701	0.04016
30	0.27204	0.03878	0.12412	0.03816	-0.00554	0.04688	0.51943	0.15727	0.12167	0.20798	-0.07673	0.16587	0.29946	0.15110	0.02761	0.24461	0.09714	-0.03869	0.40822	-0.02539	-0.19402	0.63063	0.26874	0.04056
31	0.27204	0.03983	0.12658	0.03861	-0.00581	0.04898	0.50984	0.15268	0.11900	0.20283	-0.07474	0.16425	0.30021	0.15388	0.02882	0.24388	0.09928	-0.04045	0.40188	-0.02442	-0.19088	0.61780	0.26242	0.04140
32	0.27412	0.04133	0.12967	0.03997	-0.00662	0.05150	0.50343	0.14692	0.11790	0.19725	-0.07339	0.16435	0.30334	0.15793	0.02980	0.24490	0.10140	-0.04304	0.39954	-0.02158	-0.18960	0.60732	0.25737	0.04283
33	0.27749	0.04299	0.13349	0.04192	-0.00796	0.05422	0.49949	0.14097	0.11739	0.19174	-0.07248	0.16601	0.30789	0.16313	0.03037	0.24709	0.10384	-0.04630	0.39980	-0.01819	-0.18986	0.59917	0.25297	0.04491
34	0.28156	0.04486	0.13811	0.04396	-0.00987	0.05693	0.49724	0.13586	0.11712	0.18727	-0.07180	0.16879	0.31328	0.16919	0.03038	0.24984	0.10702	-0.05013	0.40117	-0.01530	-0.19115	0.59331	0.24954	0.04755
35	0.28560	0.04711	0.14338	0.04559	-0.01234	0.05957	0.49594	0.13202	0.11716	0.18483	-0.07123	0.17224	0.31891	0.17562	0.02978	0.25229	0.11114	-0.05446	0.40259	-0.01353	-0.19302	0.58929	0.24785	0.05057
36	0.28880	0.04942	0.14903	0.04643	-0.01526	0.06210	0.49492	0.12872	0.11737	0.18483	-0.07066	0.17612	0.32375	0.18186	0.02865	0.25385	0.11621	-0.05917	0.40390	-0.01332	-0.19519	0.58594	0.24807	0.05387
37	0.29064	0.05121	0.15485	0.04632	-0.01839	0.06451	0.49346	0.12592	0.11761	0.18712	-0.06994	0.18035	0.32685	0.18761	0.02722	0.25443	0.12210	-0.06401	0.40443	-0.01470	-0.19747	0.58250	0.24992	0.05758
38	0.29074	0.05203	0.16076	0.04540	-0.02142	0.06666	0.49186	0.12390	0.11842	0.19161	-0.06890	0.18487	0.32753	0.19287	0.02571	0.25395	0.12866	-0.06856	0.40425	-0.01707	-0.19962	0.57947	0.25390	0.06183
39	0.28845	0.05165	0.16677	0.04394	-0.02401	0.06837	0.49023	0.12328	0.12072	0.19841	-0.06736	0.18950	0.32497	0.19784	0.02433	0.25192	0.13570	-0.07236	0.40306	-0.01957	-0.20136	0.57740	0.26101	0.06664
40	0.28314	0.04989	0.17275	0.04216	-0.02580	0.06950	0.48885	0.12308	0.12529	0.20692	-0.06512	0.19394	0.31842	0.20256	0.02335	0.24787	0.14293	-0.07495	0.40182	-0.02103	-0.20226	0.57588	0.27161	0.07201
41	0.27470	0.04671	0.17837	0.04018	-0.02646	0.07005	0.48726	0.12266	0.13236	0.21597	-0.06196	0.19786	0.30773	0.20678	0.02307	0.24168	0.14996	-0.07599	0.40052	-0.02035	-0.20187	0.57399	0.28508	0.07794
42	0.26287	0.04228	0.18314	0.03813	-0.02575	0.07010	0.48532	0.12206	0.14205	0.22429	-0.05771	0.20093	0.29276	0.21011	0.02381	0.23297	0.15618	-0.07532	0.39901	-0.01654	-0.19979	0.57162	0.30065	0.08438
43	0.24746	0.03703	0.18674	0.03603	-0.02359	0.06985	0.48314	0.12152	0.15449	0.23090	-0.05231	0.20277	0.27364	0.21222	0.02580	0.22127	0.16126	-0.07298	0.39721	-0.00878	-0.19569	0.56906	0.31776	0.09107
44	0.22914	0.03158	0.18923	0.03379	-0.02007	0.06952	0.48114	0.12076	0.16966	0.23499	-0.04591	0.20300	0.25148	0.21312	0.02909	0.20681	0.16534	-0.06923	0.39575	0.00350	-0.18945	0.56652	0.33582	0.09763
45	0.20918	0.02619	0.19113	0.03130	-0.01543	0.06936	0.47996	0.11924	0.18711	0.23587	-0.03876	0.20135	0.22770	0.21327	0.03361	0.19066	0.16900	-0.06447	0.39564	0.02033	-0.18113	0.56427	0.35390	0.10361
46	0.18930	0.02047	0.19315	0.02852	-0.01002	0.06953	0.47964	0.11676	0.20570	0.23301	-0.03114	0.19781	0.20378	0.21331	0.03915	0.17483	0.17298	-0.05918	0.39708	0.04094	-0.17101	0.56220	0.37046	0.10873
47	0.17157	0.01413	0.19571	0.02541	-0.00415	0.06999	0.47910	0.11230	0.22369	0.22591	-0.02330	0.19258	0.18155	0.21368	0.04535	0.16158	0.17774	-0.05364	0.39969	0.06395	-0.15948	0.55851	0.38343	0.11287
48	0.15709	0.00772	0.19866	0.02217	0.00206	0.07051	0.47654	0.10445	0.23940	0.21428	-0.01551	0.18597	0.16254	0.21433	0.05192	0.15163	0.18299	-0.04780	0.40268	0.08788	-0.14702	0.55040	0.39092	0.11599
49	0.14508	0.00292	0.20115	0.01930	0.00880	0.07071	0.47017	0.09211	0.25171	0.19820	-0.00801	0.17806	0.14715	0.21480	0.05880	0.14302	0.18750	-0.04119	0.40504	0.11156	-0.13392	0.53530	0.39185	0.11790
50	0.13365	0.00067	0.20191	0.01733	0.01658	0.07017	0.45800	0.07483	0.25987	0.17805	-0.00099	0.16845	0.13412	0.21417	0.06619	0.13317	0.18965	-0.03304	0.40509	0.13397	-0.12010	0.51091	0.38577	0.11812
51	0.12092	0.00012	0.19961	0.01633	0.02593	0.06855	0.43782	0.05298	0.26336	0.15466	0.00530	0.15620	0.12101	0.21116	0.07440	0.12083	0.18806	-0.02254	0.40036	0.15400	-0.10515	0.47529	0.37273	0.11575
52	0.10596	0.00072	0.19311	0.01613	0.03716	0.06554	0.40819	0.02838	0.26180	0.12980	0.01047	0.14012	0.10648	0.20452	0.08350	0.10545	0.18171	-0.00918	0.38813	0.17001	-0.08861	0.42826	0.35358	0.10955
53	0.08876	0.00287	0.18178	0.01646	0.05006	0.06096	0.36954	0.00439	0.25508	0.10565	0.01401	0.11935	0.09079	0.19342	0.09317	0.08674	0.17014	0.00696	0.36644	0.18038	-0.07038	0.37264	0.32979	0.09841
54	0.07003	0.00645	0.16558	0.01685	0.06370	0.05480	0.32450	0.01561	0.24360	0.08390	0.01540	0.09407	0.07459	0.17749	0.10245	0.06548	0.15366	0.02495	0.33554	0.18428	-0.05112	0.31347	0.30293	0.08192
55	0.05102	0.01072	0.14507	0.01674	0.07629	0.04726	0.27621	0.02878	0.22814	0.06550	0.01419	0.06602	0.05860	0.15691	0.10971	0.04344	0.13324	0.04287	0.29656	0.18183	-0.03249	0.25586	0.27446	0.06088
56	0.03267	0.01528	0.12126	0.01587	0.08539	0.03887	0.22758	0.03515	0.20976	0.05045	0.01026	0.03834	0.04348	0.13248	0.11288	0.02187	0.11004	0.05791	0.25244	0.17409	-0.01686	0.20273	0.24543	0.03737
57	0.01494	0.02012	0.09558	0.01435	0.08854	0.03044	0.17988	0.03682	0.18922	0.03803	0.00375	0.01471	0.02917	0.10573	0.11006	0.00072	0.08543	0.06701	0.20592	0.16232	-0.00665	0.15384	0.21611	0.01415
58	-0.00219	0.02506	0.07017	0.01277	0.08430	0.02281	0.13392	0.03567	0.16750	0.02717	-0.00474	0.00211	0.01553	0.07920	0.10043	-0.01991	0.06114	0.06817	0.15914	0.14829	-0.00324	0.10870	0.18671	-0.00623
59	-0.01736	0.02886	0.04760	0.01169	0.07328	0.01637	0.09114	0.03102	0.14575	0.01698	-0.01418	0.01130	0.00304	0.05587	0.08486	-0.03776	0.03934	0.06170	0.11308	0.13374	-0.00618	0.06921	0.15776	-0.02217
60	-0.02886	0.03024	0.02965	0.01116	0.05790	0.01107	0.05459	0.02088	0.12491	0.00717	-0.02337	0.01408	-0.00748	0.03754	0.06573	-0.05025	0.02176	0.05007	0.06935	0.11984	-0.01342	0.03982	0.12999	-0.03333
61	-0.03812	0.02913	0.01644	0.01112	0.04135	0.00697	0.02707	0.00289	0.10557	0.00148	-0.03124	0.01280	-0.01752	0.02431	0.04628	-0.05871	0.00858	0.03642	0.02912	0.10661	-0.02219	0.02503	0.10452	-0.04029
62	-0.04722	0.02653	0.00683	0.01106	0.02618	0.00405	-0.01633	0.01430	0.05536	0.05376	-0.01600	0.02019	-0.02846	0.01464	0.02904	-0.06598	-0.00099	0.02332	-0.00622	0.09337	-0.03027	-0.02644	0.01734	-0.00173
63	-0.05872	0.01882	0.00038	0.01099	0.01445	0.00299	-0.02146	0.01868	0.04859	0.04315	-0.01927	0.02452	-0.04542	0.00815	0.01656	-0.07203	-0.00739	0.01234	-0.03466	0.07910	-0.03661	-0.00825	0.01808	-0.00194
64	-0.05860	0.02791	-0.00628	0.00904	0.00381	0.00023	-0.02112	0.04539	0.03991	0.03341	-0.02153	0.02771	-0.03887	0.00011	0.00397	-0.07834	-0.01268	0.00364	-0.05321	0.06353	-0.04112	0.01098	0.01628	-0.00193
65	-0.04627	0.01486	-0.00181	0.00110	0.00041	0.00056	0.00990	0.02122	0.02185	0.01235	-0.00195	0.00043	-0.03577	-0.00103	0.00002	-0.05678	-0.00259	0.00081	-0.00511	0.03059	-0.00225	0.02490	0.01312	-0.00165
66	-0.04203	0.00989	0.00231	0.00001	0.00093	0.00013	0.01837	0.01840	0.02183	0.01652	-0.00170	0.00087	-0.03504	0.00231	0.00102	-0.04902	0.00232	0.00083	0.00536	0.03351	-0.00232	0.03139	0.01015	-0.00108
67	-0.03276	0.01689	0.00413	0.00001	0.00088	0.00018	0.02557	0.01060	0.02087	0.01723	-0.00126	0.00131	-0.02081	0.00414	0.00076	-0.04470	0.00412	0.00101	0.01807	0.03305	-0.00218	0.03306	0.00868	-0.00034
68	-0.01938	0.02155	0.00600	0.00122	0.00094	0.00030	0.03163	0.00391	0.01989	0.01488	-0.00070	0.00161	-0.00414	0.00514	0.00073	-0.03462	0.00686	0.00116	0.02887	0.03041	-0.00184	0.03440	0.00937	0.00044
69	-0.00747	0.02205	0.00741	0.00296	0.00100	0.00049	0.03695	0.00175	0.01963	0.01078	-0.00010	0.00174	0.00812	0.00532	0.00066	-0.02306	0.00950	0.00135	0.03571	0.02725	-0.00133	0.03819	0.01200	0.00112
70	0.00112	0.01656	0.00916	0.00495	0.00114	0.00058	0.04212	0.00348	0.02027	0.00638	0.00045	0.00167	0.01283	0.00566	0.00073	-0.01059	0.01266	0.00155	0.03966	0.02478	-0.00073	0.04458	0.01575	0.00163
71	0.00757	0.00838	0.01175	0.00643	0.00137	0.00057	0.04748	0.00661	0.02162	0.00286	0.00089	0.00148	0.01349	0.00720	0.00096	0.00164	0.01630	0.00177	0.04280	0.02365	-0.00016	0.05215	0.01960	0.00193
72	0.01480	0.00110	0.01549	0.00690	0.00166	0.00046	0.05279	0.00885	0.02322	0.00087	0.00119	0.00123	0.01558	0.01061	0.00133	0.01403	0.02037	0.00199	0.04653	0.02383	0.00032	0.05905	0.02261	0.00206
73	0.02462	0.00313	0.02014	0.00621	0.00198	0.00029	0.05716	0.00936	0.02433	0.00030	0.00135	0.00099	0.02241	0.01575	0.00177	0.02683	0.02453	0.00218	0.05054	0.02454	0.00065	0.06379	0.02412	0.00205
74	0.03658	0.00384	0.02507	0.00461	0.00226	0.00013	0.05957	0.00920	0.02435	0.00052	0.00139	0.00079	0.03387	0.02181	0.00217	0.03930	0.02833	0.00235	0.05307	0.02472	0.00083	0.06608	0.02399	0.00195
75	0.04867	0.00183	0.02945	0.00263	0.00249	0.00001	0.05946	0.01074	0.02322	0.00082	0.00135	0.00063	0.04738	0.02759	0.00248	0.04996	0.03131	0.00249	0.05187	0.02381	0.00091	0.06706	0.02264	0.00179
76	0.05877	0.00171	0.03263	0.00084	0.00263	0.00004	0.05736	0.01491	0.02139	0.00084	0.00125	0.00050	0.05998	0.03203	0.00266	0.05756	0.03322	0.00261	0.04681	0.02198	0.00089	0.06791	0.02079	0.00160
77	0.06602	0.00560	0.03424	0.00024	0.00270	0.00001	0.05444	0.02032	0.01942	0.00055	0.00110	0.00042	0.06998	0.03441	0.00270	0.06206	0.03407	0.00269	0.04007	0.01980	0.00080	0.06882	0.01903	0.00140
78	0.07087	0.00818	0.03431	0.00012	0.00269	0.00009	0.05162	0.02506	0.01778	0.00015	0.00093	0.00037	0.07666	0.03439	0.00262	0.06509	0.03422	0.00275	0.03390	0.01788	0.00067	0.06934	0.01768	0.00118
79	0.07409	0.00782	0.03309	0.00142	0.00261	0.00024	0.04889	0.02828	0.01661	0.00015	0.00073	0.00033	0.07961	0.03208	0.00243	0.06856	0.03409	0.00278	0.02889	0.01650	0.00050	0.06889	0.01671	0.00096
80	0.07628	0.00439	0.03099	0.00401	0.00248	0.00043	0.04583	0.02946	0.01557	0.00020	0.00051	0.00029	0.07938	0.02816	0.00217	0.07318	0.03382	0.00278	0.02499	0.01543	0.00031	0.06666	0.01571	0.00072
81	0.07817	0.00018	0.02844	0.00688	0.00231	0.00061	0.04181	0.02854	0.01411	0.00003	0.00030	0.00026	0.07805	0.02358	0.00188	0.07829	0.03331	0.00274	0.02163	0.01413	0.00011	0.06200	0.01409	0.00049
82	0.08020	0.00348	0.02576	0.00925	0.00214	0.00075	0.03645	0.02593	0.01167	0.00022	0.00009	0.00024	0.07774	0.01922	0.00161	0.08266	0.03229	0.00267	0.01811	0.01182	-0.00008	0.05478	0.01151	0.00026
83	0.08191	0.00481	0.02308	0.01059	0.00198	0.00082	0.02956	0.02223	0.00814	0.00026	-0.00010	0.00022	0.07851	0.01559	0.00140	0.08531	0.03056	0.00256	0.01384	0.00832	-0.00025	0.04528	0.00796	0.00006
84	0.08228	0.00489	0.02046	0.01075	0.00185	0.00083	0.02132	0.01816	0.00380	0.00015	-0.00025	0.00022	0.07883	0.01286	0.00126	0.08574	0.02806	0.00243	0.00848	0.00390	-0.00040	0.03417	0.00369	-0.00009
85	0.08078	0.00463	0.01796	0.00989	0.00175	0.00078	0.01199	0.01425	-0.00103	0.00001	-0.00034	0.00025	0.07750	0.01097	0.00120	0.08405	0.02495	0.00230	0.00191	-0.00103	-0.00052	0.02207	-0.00104	-0.00017
86	0.07727	0.00424	0.01555	0.00828	0.00169	0.00070	0.00177	0.01056	-0.00628	0.00019	-0.00037	0.00030	0.07428	0.00970	0.00119	0.08027	0.02140	0.00218	-0.00570	-0.00641	-0.00058	0.00923	-0.00614	-0.00015
87	0.07169	0.00400	0.01307	0.00619	0.00163	0.00061	-0.00915	0.00718	-0.01199	0.00048	-0.00030	0.00035	0.06887	0.00869	0.00120	0.07452	0.01745	0.00207	-0.01422	-0.01233	-0.00055	-0.00407	-0.01166	-0.00005
88	0.06436	0.00472	0.01030	0.00403	0.00157	0.00054	-0.02022	0.00426	-0.01823	0.00069	-0.00014	0.00039	0.06102	0.00744	0.00119	0.06770	0.01315	0.00196	-0.02323	-0.01872	-0.00042	-0.01721	-0.01774	0.00013
89	0.05651	0.00703	0.00719	0.00210	0.00148	0.00049	-0.03052	0.00131	-0.02485	0.00032	0.00009	0.00041	0.05154	0.00570	0.00114	0.06148	0.00867	0.00183	-0.03144	-0.02507	-0.00021	-0.02959	-0.02462	0.00038
90	0.04926	0.01064	0.00378	0.00050	0.00135	0.00044	-0.03879	0.00254	-0.03145	0.00118	0.00035	0.00042	0.04173	0.00343	0.00104	0.05678	0.00413	0.00165	-0.03700	-0.03061	0.00006	-0.04059	-0.03228	0.00065
91	0.04267	0.01465	0.00009	0.00086	0.00116	0.00037	-0.04472	0.00717	-0.03766	0.00353	0.00062	0.00041	0.03231	0.00070	0.00090	0.05303	-0.00052	0.00142	-0.03964	-0.03516	0.00033	-0.04979	-0.04016	0.00090
92	0.03607	0.01797	-0.00381	0.00214	0.00093	0.00027	-0.04988	0.01145	-0.04364	0.00576	0.00084	0.00039	0.02336	-0.00230	0.00074	0.04878	-0.00532	0.00113	-0.04179	-0.03957	0.00056	-0.05798	-0.04771	0.00112
93	0.02914	0.01911	-0.00762	0.00360	0.00069	0.00016	-0.05698	0.01413	-0.04996	0.00692	0.00100	0.00038	0.01563	-0.00508	0.00058	0.04266	-0.01017	0.00080	-0.04699	-0.04507	0.00073	-0.06697	-0.05485	0.00127
94	0.02253	0.01647	-0.01086	0.00553	0.00045	0.00004	-0.06740	0.01504	-0.05687	0.00667	0.00109	0.00037	0.01089	-0.00695	0.00042	0.03418	-0.01477	0.00048	-0.05677	-0.05216	0.00084	-0.07803	-0.06159	0.00135
95	0.01707	0.00956	-0.01316	0.00800	0.00023	0.00007	-0.08061	0.01483	-0.06399	0.00498	0.00113	0.00035	0.01032	-0.00750	0.00028	0.02383	-0.01881	0.00019	-0.07012	-0.06047	0.00089	-0.09110	-0.06751	0.00137
96	0.01294	0.00060	-0.01444	0.01082	0.00004	0.00016	-0.09506	0.01434	-0.07046	0.00229	0.00112	0.00031	0.01337	-0.00679	0.00015	0.01252	-0.02208	-0.00007	-0.08491	-0.06885	0.00090	-0.10520	-0.07208	0.00134
97	0.00888	0.01192	-0.01518	0.01352	-0.00014	0.00022	-0.10959	0.01383	-0.07550	0.00067	0.00107	0.00028	0.01731	-0.00561	0.00002	0.00045	-0.02474	-0.00029	-0.09981	-0.07597	0.00087	-0.11937	-0.07502	0.00126
98	0.00241	0.02228	-0.01627	0.01570	-0.00033	0.00027	-0.12403	0.01277	-0.07886	0.00338	0.00097	0.00026	0.01817	-0.00517	-0.00014	-0.01334	-0.02738	-0.00052	-0.11500	-0.08126	0.00079	-0.13306	-0.07647	0.00116
99	-0.00922	0.03019	-0.01868	0.01715	-0.00054	0.00031	-0.13854	0.01027	-0.08094	0.00601	0.00086	0.00026	0.01213	-0.00655	-0.00033	-0.03057	-0.03080	-0.00076	-0.13128	-0.08519	0.00067	-0.14580	-0.07668	0.00104
100	-0.02821	0.03518	-0.02311	0.01790	-0.00077	0.00034	-0.15244	0.00500	-0.08221	0.00910	0.00073	0.00029	-0.00334	-0.01046	-0.00053	-0.05309	-0.03577	-0.00101	-0.14890	-0.08864	0.00053	-0.15597	-0.07578	0.00094
101	-0.05485	0.03800	-0.02972	0.01820	-0.00096	0.00039	-0.16329	0.00461	-0.08263	0.01319	0.00064	0.00035	-0.02798	-0.01685	-0.00069	-0.08172	-0.04259	-0.00124	-0.16655	-0.09195	0.00040	-0.16003	-0.07330	0.00089
