	Mean	Std Dev	Mean	Std Dev	Mean	Std Dev	Mean	Std Dev	Mean	Std Dev	Mean	Std Dev	2014_06_24_PC021_BAREFOOT_GAIT0002_01.c3d	2014_06_24_PC021_BAREFOOT_GAIT0002_01.c3d	2014_06_24_PC021_BAREFOOT_GAIT0002_01.c3d	2014_06_24_PC021_BAREFOOT_GAIT0003_01.c3d	2014_06_24_PC021_BAREFOOT_GAIT0003_01.c3d	2014_06_24_PC021_BAREFOOT_GAIT0003_01.c3d	2014_06_24_PC021_BAREFOOT_GAIT0003_03.c3d	2014_06_24_PC021_BAREFOOT_GAIT0003_03.c3d	2014_06_24_PC021_BAREFOOT_GAIT0003_03.c3d	2014_06_24_PC021_BAREFOOT_GAIT0004_05.c3d	2014_06_24_PC021_BAREFOOT_GAIT0004_05.c3d	2014_06_24_PC021_BAREFOOT_GAIT0004_05.c3d
	LHIP_MF_N	LHIP_MF_N	LKNEE_MF_N	LKNEE_MF_N	LANKLE_MF_N	LANKLE_MF_N	RHIP_MF_N	RHIP_MF_N	RKNEE_MF_N	RKNEE_MF_N	RANKLE_MF_N	RANKLE_MF_N	LHIP_MF_N	LKNEE_MF_N	LANKLE_MF_N	LHIP_MF_N	LKNEE_MF_N	LANKLE_MF_N	RHIP_MF_N	RKNEE_MF_N	RANKLE_MF_N	RHIP_MF_N	RKNEE_MF_N	RANKLE_MF_N
	LINK_MODEL_BASED	LINK_MODEL_BASED	LINK_MODEL_BASED	LINK_MODEL_BASED	LINK_MODEL_BASED	LINK_MODEL_BASED	LINK_MODEL_BASED	LINK_MODEL_BASED	LINK_MODEL_BASED	LINK_MODEL_BASED	LINK_MODEL_BASED	LINK_MODEL_BASED	LINK_MODEL_BASED	LINK_MODEL_BASED	LINK_MODEL_BASED	LINK_MODEL_BASED	LINK_MODEL_BASED	LINK_MODEL_BASED	LINK_MODEL_BASED	LINK_MODEL_BASED	LINK_MODEL_BASED	LINK_MODEL_BASED	LINK_MODEL_BASED	LINK_MODEL_BASED
	ORIGINAL	ORIGINAL	ORIGINAL	ORIGINAL	ORIGINAL	ORIGINAL	ORIGINAL	ORIGINAL	ORIGINAL	ORIGINAL	ORIGINAL	ORIGINAL	ORIGINAL	ORIGINAL	ORIGINAL	ORIGINAL	ORIGINAL	ORIGINAL	ORIGINAL	ORIGINAL	ORIGINAL	ORIGINAL	ORIGINAL	ORIGINAL
ITEM	Z	Z	Z	Z	Z	Z	Z	Z	Z	Z	Z	Z	Z	Z	Z	Z	Z	Z	Z	Z	Z	Z	Z	Z
1	-0.04901	0.00597	0.00740	0.01508	-0.00232	0.00823	-0.02153	0.00880	0.06136	0.02769	0.05426	0.02413	-0.04479	-0.00327	-0.00815	-0.05323	0.01806	0.00350	-0.02775	0.04178	0.03719	-0.01531	0.08094	0.07132
2	-0.04191	0.00486	0.00803	0.01842	-0.00153	0.01094	-0.02325	0.01738	0.05984	0.02648	0.05192	0.02852	-0.03848	-0.00500	-0.00927	-0.04535	0.02105	0.00620	-0.03553	0.04112	0.03175	-0.01096	0.07857	0.07208
3	-0.03002	0.00315	0.00625	0.02218	-0.00170	0.01452	-0.02097	0.03110	0.05695	0.02582	0.04863	0.03474	-0.02778	-0.00944	-0.01196	-0.03225	0.02193	0.00857	-0.04296	0.03869	0.02406	0.00102	0.07521	0.07319
4	-0.01265	0.00091	0.00096	0.02589	-0.00311	0.01865	-0.01346	0.04933	0.05193	0.02579	0.04420	0.04218	-0.01201	-0.01734	-0.01630	-0.01329	0.01927	0.01008	-0.04834	0.03369	0.01437	0.02142	0.07016	0.07402
5	0.00917	0.00077	-0.00867	0.02909	-0.00627	0.02278	-0.00011	0.07079	0.04474	0.02543	0.03880	0.04936	0.00863	-0.02924	-0.02238	0.00972	0.01190	0.00984	-0.05017	0.02676	0.00390	0.04994	0.06272	0.07370
6	0.03511	0.00191	-0.02324	0.03201	-0.01168	0.02673	0.02044	0.09235	0.03543	0.02381	0.03271	0.05485	0.03376	-0.04587	-0.03058	0.03646	-0.00061	0.00723	-0.04486	0.01860	-0.00607	0.08574	0.05227	0.07150
7	0.06266	0.00408	-0.04232	0.03522	-0.01978	0.03068	0.04738	0.11080	0.02399	0.02114	0.02556	0.05872	0.05977	-0.06723	-0.04147	0.06554	-0.01741	0.00191	-0.03096	0.00904	-0.01596	0.12573	0.03894	0.06708
8	0.08831	0.00931	-0.06449	0.03898	-0.03049	0.03469	0.07696	0.12413	0.01077	0.01800	0.01692	0.06196	0.08173	-0.09206	-0.05502	0.09490	-0.03693	-0.00595	-0.01081	-0.00196	-0.02689	0.16473	0.02349	0.06073
9	0.11017	0.01745	-0.08799	0.04330	-0.04295	0.03848	0.10582	0.13173	-0.00406	0.01523	0.00679	0.06617	0.09783	-0.11861	-0.07016	0.12251	-0.05737	-0.01574	0.01267	-0.01484	-0.04000	0.19897	0.00671	0.05358
10	0.12811	0.02653	-0.11100	0.04800	-0.05569	0.04144	0.13307	0.13473	-0.02055	0.01362	-0.00430	0.07310	0.10935	-0.14494	-0.08499	0.14687	-0.07706	-0.02639	0.03779	-0.03018	-0.05599	0.22834	-0.01091	0.04739
11	0.14219	0.03430	-0.13204	0.05262	-0.06709	0.04304	0.15860	0.13559	-0.03856	0.01363	-0.01544	0.08370	0.11794	-0.16924	-0.09753	0.16645	-0.09483	-0.03666	0.06272	-0.04820	-0.07463	0.25447	-0.02892	0.04374
12	0.15158	0.03948	-0.15001	0.05657	-0.07600	0.04315	0.18143	0.13662	-0.05748	0.01584	-0.02562	0.09775	0.12366	-0.19001	-0.10650	0.17950	-0.11001	-0.04549	0.08482	-0.06868	-0.09474	0.27803	-0.04628	0.04350
13	0.15577	0.04165	-0.16408	0.05914	-0.08184	0.04187	0.20017	0.13973	-0.07609	0.02070	-0.03376	0.11412	0.12632	-0.20590	-0.11145	0.18522	-0.12226	-0.05224	0.10136	-0.09073	-0.11445	0.29897	-0.06145	0.04694
14	0.15539	0.04107	-0.17349	0.05973	-0.08455	0.03950	0.21419	0.14569	-0.09309	0.02821	-0.03897	0.13131	0.12635	-0.21572	-0.11248	0.18443	-0.13126	-0.05662	0.11117	-0.11303	-0.13182	0.31721	-0.07314	0.05387
15	0.15107	0.03869	-0.17760	0.05813	-0.08446	0.03649	0.22369	0.15372	-0.10734	0.03782	-0.04091	0.14774	0.12371	-0.21870	-0.11027	0.17842	-0.13649	-0.05866	0.11499	-0.13409	-0.14538	0.33239	-0.08060	0.06356
16	0.14281	0.03581	-0.17625	0.05474	-0.08226	0.03326	0.22916	0.16248	-0.11787	0.04880	-0.03976	0.16214	0.11749	-0.21496	-0.10578	0.16814	-0.13754	-0.05874	0.11427	-0.15238	-0.15441	0.34406	-0.08336	0.07489
17	0.13100	0.03321	-0.16991	0.05023	-0.07868	0.03010	0.23120	0.17151	-0.12379	0.06032	-0.03615	0.17369	0.10752	-0.20543	-0.09996	0.15449	-0.13440	-0.05739	0.10993	-0.16645	-0.15896	0.35247	-0.08114	0.08667
18	0.11691	0.03075	-0.15957	0.04527	-0.07438	0.02711	0.23059	0.18093	-0.12468	0.07152	-0.03089	0.18202	0.09517	-0.19158	-0.09354	0.13866	-0.12756	-0.05521	0.10265	-0.17526	-0.15960	0.35853	-0.07411	0.09781
19	0.10212	0.02806	-0.14655	0.04038	-0.06988	0.02434	0.22839	0.19025	-0.12082	0.08168	-0.02480	0.18716	0.08228	-0.17510	-0.08710	0.12196	-0.11800	-0.05267	0.09386	-0.17858	-0.15714	0.36292	-0.06306	0.10754
20	0.08788	0.02502	-0.13232	0.03589	-0.06550	0.02182	0.22566	0.19798	-0.11308	0.09039	-0.01851	0.18946	0.07019	-0.15770	-0.08093	0.10557	-0.10694	-0.05007	0.08567	-0.17700	-0.15247	0.36566	-0.04917	0.11546
21	0.07493	0.02170	-0.11821	0.03201	-0.06134	0.01951	0.22288	0.20283	-0.10266	0.09741	-0.01248	0.18951	0.05958	-0.14084	-0.07514	0.09028	-0.09557	-0.04755	0.07946	-0.17155	-0.14649	0.36630	-0.03378	0.12152
22	0.06358	0.01824	-0.10519	0.02876	-0.05740	0.01740	0.21979	0.20456	-0.09079	0.10268	-0.00700	0.18802	0.05069	-0.12552	-0.06970	0.07648	-0.08485	-0.04509	0.07514	-0.16340	-0.13996	0.36443	-0.01818	0.12595
23	0.05383	0.01477	-0.09380	0.02601	-0.05360	0.01551	0.21577	0.20376	-0.07849	0.10627	-0.00217	0.18569	0.04338	-0.11219	-0.06456	0.06428	-0.07540	-0.04263	0.07169	-0.15363	-0.13347	0.35985	-0.00335	0.12914
24	0.04554	0.01150	-0.08418	0.02364	-0.04988	0.01386	0.21046	0.20134	-0.06649	0.10841	0.00210	0.18308	0.03741	-0.10090	-0.05968	0.05368	-0.06747	-0.04008	0.06809	-0.14314	-0.12736	0.35283	0.01017	0.13156
25	0.03866	0.00869	-0.07626	0.02158	-0.04620	0.01249	0.20419	0.19813	-0.05527	0.10956	0.00596	0.18062	0.03251	-0.09152	-0.05504	0.04481	-0.06100	-0.03737	0.06409	-0.13274	-0.12176	0.34429	0.02221	0.13368
26	0.03323	0.00648	-0.06982	0.01986	-0.04254	0.01138	0.19777	0.19426	-0.04507	0.11036	0.00962	0.17857	0.02865	-0.08387	-0.05059	0.03782	-0.05578	-0.03450	0.06041	-0.12311	-0.11665	0.33513	0.03296	0.13589
27	0.02932	0.00492	-0.06460	0.01850	-0.03889	0.01047	0.19188	0.18971	-0.03592	0.11137	0.01329	0.17702	0.02584	-0.07768	-0.04629	0.03280	-0.05151	-0.03149	0.05774	-0.11467	-0.11188	0.32603	0.04283	0.13847
28	0.02705	0.00396	-0.06028	0.01743	-0.03522	0.00965	0.18675	0.18501	-0.02768	0.11287	0.01712	0.17598	0.02425	-0.07260	-0.04205	0.02985	-0.04795	-0.02839	0.05593	-0.10749	-0.10732	0.31757	0.05214	0.14155
29	0.02636	0.00361	-0.05658	0.01656	-0.03148	0.00885	0.18244	0.18075	-0.02021	0.11493	0.02121	0.17538	0.02381	-0.06829	-0.03774	0.02891	-0.04487	-0.02523	0.05463	-0.10148	-0.10280	0.31026	0.06105	0.14522
30	0.02688	0.00380	-0.05329	0.01582	-0.02767	0.00800	0.17885	0.17719	-0.01343	0.11742	0.02563	0.17514	0.02419	-0.06448	-0.03333	0.02956	-0.04210	-0.02200	0.05356	-0.09646	-0.09821	0.30414	0.06959	0.14947
31	0.02804	0.00428	-0.05029	0.01528	-0.02375	0.00715	0.17564	0.17410	-0.00723	0.12016	0.03038	0.17513	0.02501	-0.06109	-0.02880	0.03107	-0.03949	-0.01869	0.05253	-0.09219	-0.09346	0.29875	0.07774	0.15421
32	0.02938	0.00477	-0.04749	0.01499	-0.01969	0.00633	0.17262	0.17094	-0.00144	0.12296	0.03531	0.17522	0.02600	-0.05809	-0.02417	0.03275	-0.03689	-0.01522	0.05175	-0.08838	-0.08859	0.29350	0.08551	0.15921
33	0.03056	0.00514	-0.04487	0.01500	-0.01548	0.00566	0.16959	0.16762	0.00406	0.12557	0.04024	0.17532	0.02692	-0.05548	-0.01948	0.03419	-0.03427	-0.01148	0.05107	-0.08474	-0.08374	0.28811	0.09285	0.16421
34	0.03146	0.00530	-0.04238	0.01531	-0.01110	0.00520	0.16642	0.16442	0.00923	0.12783	0.04493	0.17546	0.02772	-0.05320	-0.01477	0.03521	-0.03155	-0.00742	0.05015	-0.08116	-0.07914	0.28268	0.09962	0.16900
35	0.03204	0.00525	-0.03992	0.01592	-0.00656	0.00504	0.16310	0.16148	0.01398	0.12959	0.04919	0.17572	0.02833	-0.05118	-0.01012	0.03576	-0.02866	-0.00300	0.04892	-0.07766	-0.07506	0.27728	0.10561	0.17344
36	0.03223	0.00515	-0.03739	0.01679	-0.00190	0.00523	0.15956	0.15847	0.01821	0.13075	0.05284	0.17617	0.02859	-0.04926	-0.00559	0.03588	-0.02552	0.00180	0.04750	-0.07424	-0.07173	0.27161	0.11066	0.17740
37	0.03200	0.00509	-0.03472	0.01782	0.00287	0.00573	0.15563	0.15521	0.02186	0.13129	0.05580	0.17690	0.02839	-0.04732	-0.00118	0.03560	-0.02211	0.00692	0.04588	-0.07097	-0.06929	0.26537	0.11470	0.18089
38	0.03138	0.00521	-0.03185	0.01891	0.00774	0.00647	0.15132	0.15169	0.02479	0.13126	0.05815	0.17802	0.02769	-0.04523	0.00317	0.03506	-0.01848	0.01231	0.04407	-0.06803	-0.06773	0.25858	0.11760	0.18403
39	0.03045	0.00571	-0.02876	0.01998	0.01274	0.00733	0.14657	0.14834	0.02688	0.13078	0.06006	0.17961	0.02641	-0.04288	0.00755	0.03449	-0.01463	0.01793	0.04168	-0.06560	-0.06695	0.25146	0.11936	0.18706
40	0.02934	0.00668	-0.02536	0.02094	0.01788	0.00824	0.14129	0.14549	0.02809	0.13012	0.06171	0.18166	0.02462	-0.04017	0.01205	0.03406	-0.01056	0.02371	0.03841	-0.06392	-0.06675	0.24417	0.12009	0.19016
41	0.02823	0.00789	-0.02161	0.02173	0.02313	0.00910	0.13535	0.14332	0.02844	0.12953	0.06325	0.18402	0.02266	-0.03698	0.01669	0.03381	-0.00625	0.02957	0.03401	-0.06315	-0.06687	0.23669	0.12004	0.19337
42	0.02712	0.00905	-0.01745	0.02226	0.02841	0.00980	0.12887	0.14163	0.02795	0.12921	0.06481	0.18650	0.02072	-0.03320	0.02148	0.03351	-0.00171	0.03534	0.02872	-0.06342	-0.06707	0.22902	0.11932	0.19668
43	0.02582	0.01003	-0.01289	0.02248	0.03363	0.01024	0.12191	0.14015	0.02655	0.12917	0.06644	0.18892	0.01873	-0.02879	0.02639	0.03291	0.00301	0.04087	0.02281	-0.06479	-0.06715	0.22100	0.11789	0.20003
44	0.02413	0.01087	-0.00803	0.02234	0.03872	0.01031	0.11440	0.13858	0.02413	0.12928	0.06809	0.19113	0.01645	-0.02382	0.03143	0.03182	0.00777	0.04601	0.01641	-0.06728	-0.06706	0.21239	0.11554	0.20324
45	0.02183	0.01168	-0.00309	0.02179	0.04366	0.00994	0.10622	0.13671	0.02058	0.12930	0.06957	0.19300	0.01357	-0.01850	0.03663	0.03009	0.01231	0.05068	0.00955	-0.07084	-0.06690	0.20289	0.11201	0.20604
46	0.01880	0.01242	0.00159	0.02078	0.04837	0.00902	0.09722	0.13437	0.01587	0.12894	0.07060	0.19443	0.01001	-0.01311	0.04199	0.02758	0.01628	0.05475	0.00221	-0.07531	-0.06688	0.19223	0.10704	0.20808
47	0.01507	0.01278	0.00563	0.01922	0.05271	0.00749	0.08732	0.13136	0.01005	0.12796	0.07093	0.19527	0.00603	-0.00796	0.04741	0.02411	0.01922	0.05801	-0.00557	-0.08043	-0.06715	0.18020	0.10053	0.20901
48	0.01058	0.01240	0.00863	0.01701	0.05638	0.00529	0.07645	0.12754	0.00327	0.12624	0.07035	0.19529	0.00181	-0.00340	0.05265	0.01935	0.02066	0.06012	-0.01374	-0.08599	-0.06774	0.16663	0.09253	0.20844
49	0.00508	0.01100	0.01021	0.01412	0.05902	0.00239	0.06460	0.12282	-0.00428	0.12378	0.06881	0.19415	-0.00270	0.00022	0.05733	0.01286	0.02019	0.06071	-0.02224	-0.09180	-0.06847	0.15145	0.08325	0.20610
50	-0.00169	0.00848	0.01002	0.01054	0.06024	0.00120	0.05178	0.11728	-0.01232	0.12068	0.06638	0.19147	-0.00769	0.00256	0.06109	0.00431	0.01747	0.05940	-0.03115	-0.09766	-0.06901	0.13471	0.07301	0.20177
51	-0.00976	0.00491	0.00781	0.00628	0.05967	0.00543	0.03809	0.11126	-0.02048	0.11713	0.06314	0.18686	-0.01323	0.00337	0.06351	-0.00628	0.01225	0.05583	-0.04059	-0.10330	-0.06899	0.11676	0.06235	0.19527
52	-0.01885	0.00032	0.00351	0.00136	0.05696	0.01028	0.02382	0.10522	-0.02824	0.11326	0.05914	0.17997	-0.01907	0.00255	0.06424	-0.01862	0.00448	0.04969	-0.05058	-0.10833	-0.06812	0.09822	0.05185	0.18640
53	-0.02839	0.00526	-0.00267	0.00403	0.05194	0.01566	0.00960	0.09952	-0.03501	0.10904	0.05446	0.17058	-0.02467	0.00017	0.06301	-0.03210	-0.00552	0.04086	-0.06077	-0.11211	-0.06616	0.07997	0.04209	0.17507
54	-0.03760	0.01152	-0.01017	0.00959	0.04467	0.02121	-0.00358	0.09440	-0.04013	0.10431	0.04925	0.15860	-0.02946	-0.00339	0.05967	-0.04575	-0.01695	0.02967	-0.07033	-0.11389	-0.06289	0.06317	0.03363	0.16140
55	-0.04549	0.01786	-0.01794	0.01488	0.03569	0.02637	-0.01437	0.09001	-0.04282	0.09886	0.04399	0.14426	-0.03287	-0.00742	0.05433	-0.05812	-0.02847	0.01704	-0.07801	-0.11272	-0.05801	0.04928	0.02709	0.14600
56	-0.05096	0.02338	-0.02445	0.01930	0.02597	0.03035	-0.02132	0.08620	-0.04222	0.09256	0.03935	0.12806	-0.03443	-0.01080	0.04743	-0.06749	-0.03809	0.00452	-0.08227	-0.10767	-0.05120	0.03963	0.02323	0.12990
57	-0.05312	0.02704	-0.02792	0.02202	0.01688	0.03224	-0.02341	0.08231	-0.03765	0.08533	0.03587	0.11068	-0.03401	-0.01235	0.03968	-0.07224	-0.04349	-0.00591	-0.08161	-0.09798	-0.04239	0.03479	0.02269	0.11413
58	-0.05177	0.02813	-0.02718	0.02237	0.00967	0.03154	-0.02058	0.07725	-0.02911	0.07691	0.03383	0.09280	-0.03188	-0.01136	0.03197	-0.07167	-0.04300	-0.01264	-0.07520	-0.08350	-0.03178	0.03404	0.02527	0.09945
59	-0.04760	0.02680	-0.02249	0.02045	0.00488	0.02864	-0.01383	0.07031	-0.01751	0.06707	0.03312	0.07518	-0.02865	-0.00803	0.02513	-0.06655	-0.03694	-0.01537	-0.06354	-0.06494	-0.02004	0.03589	0.02992	0.08628
60	-0.04177	0.02390	-0.01530	0.01705	0.00221	0.02440	-0.00469	0.06156	-0.00447	0.05581	0.03323	0.05872	-0.02487	-0.00325	0.01947	-0.05867	-0.02736	-0.01504	-0.04822	-0.04393	-0.00830	0.03885	0.03499	0.07475
61	-0.03570	0.02030	-0.00726	0.01310	0.00083	0.01975	0.00530	0.05171	0.00826	0.04327	0.03357	0.04448	-0.02135	0.00200	0.01479	-0.05006	-0.01653	-0.01314	-0.03127	-0.02233	0.00212	0.04186	0.03886	0.06502
62	-0.03023	0.01698	0.00045	0.00926	-0.00021	0.01528	-0.00893	0.00819	0.00072	0.00373	0.00299	0.01002	-0.01822	0.00700	0.01060	-0.04224	-0.00610	-0.01101	-0.01472	-0.00192	0.01008	-0.00313	0.00336	-0.00410
63	-0.02740	0.01208	0.00700	0.00604	-0.00135	0.01129	-0.00448	0.00625	0.00751	0.01210	0.00507	0.01406	-0.01886	0.01127	0.00663	-0.03594	0.00273	-0.00933	-0.00006	0.01607	0.01501	-0.00889	-0.00105	-0.00488
64	-0.02116	0.01497	0.01133	0.00238	-0.00378	0.00787	-0.00208	0.01959	0.01216	0.02617	0.00611	0.01566	-0.01057	0.01302	0.00179	-0.03175	0.00965	-0.00934	0.01178	0.03066	0.01719	-0.01593	-0.00635	-0.00496
65	-0.01803	0.01275	0.01144	0.00249	-0.00115	0.00165	-0.01311	0.01454	-0.00734	0.00542	-0.00323	0.00138	-0.00902	0.01320	0.00001	-0.02705	0.00967	-0.00232	-0.00282	-0.00351	-0.00226	-0.02339	-0.01117	-0.00421
66	-0.02174	0.00868	0.00989	0.00192	-0.00039	0.00043	-0.01907	0.01572	-0.01077	0.00579	-0.00271	0.00001	-0.01561	0.01125	-0.00009	-0.02788	0.00854	-0.00069	-0.00796	-0.00668	-0.00271	-0.03019	-0.01487	-0.00272
67	-0.02580	0.00676	0.00669	0.00015	-0.00093	0.00028	-0.02478	0.01453	-0.01407	0.00519	-0.00169	0.00125	-0.02102	0.00659	-0.00073	-0.03058	0.00679	-0.00113	-0.01451	-0.01040	-0.00257	-0.03506	-0.01774	-0.00081
68	-0.02993	0.00449	0.00211	0.00204	-0.00092	0.00040	-0.02928	0.01072	-0.01727	0.00473	-0.00034	0.00210	-0.02675	0.00067	-0.00120	-0.03311	0.00356	-0.00064	-0.02170	-0.01392	-0.00182	-0.03686	-0.02061	0.00114
69	-0.03417	0.00224	-0.00299	0.00304	-0.00080	0.00085	-0.03193	0.00456	-0.02065	0.00501	0.00109	0.00241	-0.03258	-0.00513	-0.00139	-0.03575	-0.00084	-0.00020	-0.02871	-0.01710	-0.00061	-0.03516	-0.02420	0.00280
70	-0.03813	0.00041	-0.00817	0.00271	-0.00035	0.00111	-0.03233	0.00259	-0.02445	0.00600	0.00239	0.00225	-0.03842	-0.01008	-0.00113	-0.03785	-0.00625	0.00043	-0.03416	-0.02021	0.00080	-0.03050	-0.02869	0.00398
71	-0.04090	0.00293	-0.01351	0.00150	0.00033	0.00105	-0.03054	0.00905	-0.02872	0.00719	0.00340	0.00179	-0.04297	-0.01457	-0.00042	-0.03883	-0.01245	0.00107	-0.03694	-0.02363	0.00214	-0.02413	-0.03380	0.00467
72	-0.04125	0.00466	-0.01937	0.00012	0.00114	0.00074	-0.02687	0.01342	-0.03308	0.00807	0.00408	0.00127	-0.04454	-0.01946	0.00062	-0.03796	-0.01929	0.00166	-0.03636	-0.02737	0.00318	-0.01738	-0.03879	0.00498
73	-0.03830	0.00501	-0.02578	0.00092	0.00197	0.00028	-0.02186	0.01512	-0.03677	0.00823	0.00443	0.00083	-0.04184	-0.02513	0.00177	-0.03476	-0.02643	0.00217	-0.03255	-0.03095	0.00385	-0.01117	-0.04259	0.00502
74	-0.03199	0.00367	-0.03222	0.00144	0.00268	0.00015	-0.01617	0.01468	-0.03893	0.00753	0.00454	0.00052	-0.03459	-0.03120	0.00278	-0.02940	-0.03324	0.00257	-0.02654	-0.03361	0.00417	-0.00579	-0.04426	0.00491
75	-0.02318	0.00077	-0.03786	0.00162	0.00321	0.00045	-0.01064	0.01374	-0.03924	0.00615	0.00447	0.00031	-0.02372	-0.03671	0.00353	-0.02263	-0.03900	0.00289	-0.02036	-0.03489	0.00425	-0.00093	-0.04359	0.00469
76	-0.01319	0.00320	-0.04196	0.00173	0.00354	0.00056	-0.00590	0.01358	-0.03785	0.00448	0.00426	0.00018	-0.01093	-0.04074	0.00393	-0.01545	-0.04319	0.00314	-0.01550	-0.03468	0.00414	0.00371	-0.04102	0.00439
77	-0.00321	0.00762	-0.04417	0.00206	0.00367	0.00047	-0.00200	0.01402	-0.03523	0.00295	0.00394	0.00008	0.00218	-0.04272	0.00400	-0.00859	-0.04562	0.00334	-0.01191	-0.03314	0.00389	0.00791	-0.03731	0.00400
78	0.00601	0.01155	-0.04455	0.00295	0.00362	0.00022	0.00111	0.01424	-0.03198	0.00183	0.00350	0.00001	0.01417	-0.04246	0.00378	-0.00216	-0.04664	0.00347	-0.00895	-0.03069	0.00351	0.01118	-0.03328	0.00349
79	0.01396	0.01384	-0.04336	0.00463	0.00343	0.00013	0.00339	0.01398	-0.02862	0.00120	0.00294	0.00011	0.02374	-0.04009	0.00333	0.00417	-0.04664	0.00352	-0.00649	-0.02777	0.00302	0.01328	-0.02947	0.00287
80	0.02055	0.01396	-0.04093	0.00692	0.00311	0.00050	0.00501	0.01318	-0.02523	0.00089	0.00229	0.00019	0.03042	-0.03604	0.00276	0.01068	-0.04583	0.00346	-0.00431	-0.02460	0.00243	0.01433	-0.02586	0.00215
81	0.02615	0.01264	-0.03756	0.00938	0.00272	0.00079	0.00611	0.01209	-0.02165	0.00061	0.00156	0.00025	0.03509	-0.03093	0.00216	0.01721	-0.04420	0.00327	-0.00244	-0.02122	0.00174	0.01467	-0.02208	0.00139
82	0.03124	0.01115	-0.03355	0.01144	0.00231	0.00095	0.00673	0.01106	-0.01763	0.00028	0.00081	0.00026	0.03913	-0.02546	0.00163	0.02336	-0.04164	0.00298	-0.00109	-0.01744	0.00099	0.01455	-0.01783	0.00062
83	0.03597	0.00998	-0.02908	0.01272	0.00194	0.00098	0.00667	0.01038	-0.01320	0.00014	0.00011	0.00023	0.04303	-0.02009	0.00125	0.02891	-0.03807	0.00264	-0.00067	-0.01330	0.00027	0.01401	-0.01310	-0.00006
84	0.04009	0.00874	-0.02428	0.01306	0.00168	0.00088	0.00604	0.01010	-0.00852	0.00052	-0.00047	0.00015	0.04627	-0.01505	0.00105	0.03391	-0.03352	0.00230	-0.00110	-0.00889	-0.00036	0.01318	-0.00815	-0.00058
85	0.04334	0.00696	-0.01929	0.01263	0.00156	0.00071	0.00505	0.01026	-0.00374	0.00083	-0.00083	0.00003	0.04827	-0.01036	0.00106	0.03842	-0.02822	0.00206	-0.00221	-0.00433	-0.00081	0.01230	-0.00316	-0.00085
86	0.04533	0.00474	-0.01423	0.01166	0.00158	0.00052	0.00377	0.01066	0.00110	0.00100	-0.00092	0.00013	0.04868	-0.00598	0.00121	0.04197	-0.02247	0.00195	-0.00377	0.00039	-0.00102	0.01131	0.00180	-0.00083
87	0.04535	0.00232	-0.00913	0.01033	0.00170	0.00039	0.00198	0.01095	0.00599	0.00097	-0.00071	0.00028	0.04699	-0.00183	0.00142	0.04371	-0.01644	0.00198	-0.00576	0.00530	-0.00091	0.00972	0.00667	-0.00051
88	0.04296	0.00032	-0.00406	0.00882	0.00184	0.00036	-0.00056	0.01076	0.01087	0.00072	-0.00021	0.00042	0.04273	0.00218	0.00159	0.04318	-0.01030	0.00209	-0.00817	0.01037	-0.00052	0.00704	0.01138	0.00009
89	0.03853	0.00324	0.00078	0.00717	0.00192	0.00039	-0.00388	0.00972	0.01549	0.00058	0.00047	0.00055	0.03624	0.00586	0.00164	0.04082	-0.00429	0.00220	-0.01075	0.01508	0.00008	0.00299	0.01590	0.00085
90	0.03272	0.00616	0.00516	0.00531	0.00189	0.00044	-0.00760	0.00744	0.01939	0.00098	0.00120	0.00067	0.02837	0.00891	0.00158	0.03708	0.00141	0.00220	-0.01286	0.01870	0.00073	-0.00234	0.02009	0.00168
91	0.02591	0.00848	0.00891	0.00318	0.00174	0.00046	-0.01172	0.00407	0.02226	0.00186	0.00188	0.00078	0.01991	0.01116	0.00142	0.03191	0.00666	0.00206	-0.01460	0.02095	0.00133	-0.00884	0.02357	0.00243
92	0.01808	0.00956	0.01193	0.00087	0.00150	0.00042	-0.01726	0.00021	0.02415	0.00274	0.00242	0.00088	0.01132	0.01254	0.00120	0.02484	0.01131	0.00180	-0.01740	0.02222	0.00180	-0.01711	0.02609	0.00305
93	0.00930	0.00862	0.01407	0.00144	0.00123	0.00034	-0.02576	0.00341	0.02543	0.00320	0.00279	0.00097	0.00321	0.01305	0.00099	0.01540	0.01509	0.00148	-0.02335	0.02317	0.00211	-0.02817	0.02770	0.00347
94	-0.00001	0.00500	0.01526	0.00353	0.00100	0.00024	-0.03764	0.00657	0.02632	0.00317	0.00300	0.00101	-0.00355	0.01276	0.00083	0.00352	0.01776	0.00117	-0.03299	0.02409	0.00228	-0.04229	0.02856	0.00371
95	-0.00927	0.00124	0.01556	0.00519	0.00082	0.00013	-0.05182	0.00951	0.02682	0.00266	0.00305	0.00099	-0.00840	0.01189	0.00073	-0.01015	0.01923	0.00092	-0.04510	0.02494	0.00235	-0.05855	0.02870	0.00375
96	-0.01799	0.00923	0.01527	0.00624	0.00070	0.00003	-0.06637	0.01238	0.02682	0.00183	0.00297	0.00089	-0.01147	0.01086	0.00067	-0.02452	0.01968	0.00072	-0.05762	0.02553	0.00235	-0.07513	0.02811	0.00360
97	-0.02633	0.01751	0.01484	0.00661	0.00055	0.00006	-0.07968	0.01482	0.02635	0.00083	0.00276	0.00073	-0.01395	0.01017	0.00060	-0.03872	0.01951	0.00051	-0.06920	0.02577	0.00224	-0.09016	0.02694	0.00328
98	-0.03525	0.02467	0.01478	0.00636	0.00032	0.00015	-0.09115	0.01592	0.02569	0.00023	0.00241	0.00057	-0.01780	0.01028	0.00043	-0.05269	0.01928	0.00022	-0.07989	0.02585	0.00201	-0.10240	0.02553	0.00281
99	-0.04597	0.02986	0.01540	0.00570	-0.00006	0.00024	-0.10083	0.01477	0.02519	0.00138	0.00195	0.00044	-0.02486	0.01137	0.00011	-0.06708	0.01943	-0.00022	-0.09039	0.02617	0.00164	-0.11128	0.02422	0.00227
100	-0.05948	0.03323	0.01674	0.00495	-0.00061	0.00034	-0.10871	0.01076	0.02515	0.00267	0.00146	0.00038	-0.03599	0.01324	-0.00037	-0.08298	0.02024	-0.00085	-0.10110	0.02704	0.00119	-0.11632	0.02326	0.00173
101	-0.07566	0.03587	0.01845	0.00447	-0.00131	0.00048	-0.11399	0.00361	0.02557	0.00426	0.00100	0.00041	-0.05030	0.01530	-0.00097	-0.10102	0.02161	-0.00165	-0.11143	0.02858	0.00071	-0.11654	0.02256	0.00129
