	Mean	Std Dev	Mean	Std Dev	Mean	Std Dev	Mean	Std Dev	Mean	Std Dev	Mean	Std Dev	2014_05_30_PC017_BAREFOOT_GAIT0003_1.c3d	2014_05_30_PC017_BAREFOOT_GAIT0003_1.c3d	2014_05_30_PC017_BAREFOOT_GAIT0003_1.c3d	2014_05_30_PC017_BAREFOOT_GAIT0003_1.c3d	2014_05_30_PC017_BAREFOOT_GAIT0003_1.c3d	2014_05_30_PC017_BAREFOOT_GAIT0003_1.c3d	2014_05_30_PC017_BAREFOOT_GAIT0003_2.c3d	2014_05_30_PC017_BAREFOOT_GAIT0003_2.c3d	2014_05_30_PC017_BAREFOOT_GAIT0003_2.c3d	2014_05_30_PC017_BAREFOOT_GAIT0003_2.c3d	2014_05_30_PC017_BAREFOOT_GAIT0003_2.c3d	2014_05_30_PC017_BAREFOOT_GAIT0003_2.c3d	2014_05_30_PC017_BAREFOOT_GAIT0003_3.c3d	2014_05_30_PC017_BAREFOOT_GAIT0003_3.c3d	2014_05_30_PC017_BAREFOOT_GAIT0003_3.c3d	2014_05_30_PC017_BAREFOOT_GAIT0006_3.c3d	2014_05_30_PC017_BAREFOOT_GAIT0006_3.c3d	2014_05_30_PC017_BAREFOOT_GAIT0006_3.c3d	2014_05_30_PC017_BAREFOOT_GAIT0007_1.c3d	2014_05_30_PC017_BAREFOOT_GAIT0007_1.c3d	2014_05_30_PC017_BAREFOOT_GAIT0007_1.c3d	2014_05_30_PC017_BAREFOOT_GAIT0007_2.c3d	2014_05_30_PC017_BAREFOOT_GAIT0007_2.c3d	2014_05_30_PC017_BAREFOOT_GAIT0007_2.c3d
	LHIP_MF_N	LHIP_MF_N	LKNEE_MF_N	LKNEE_MF_N	LANKLE_MF_N	LANKLE_MF_N	RHIP_MF_N	RHIP_MF_N	RKNEE_MF_N	RKNEE_MF_N	RANKLE_MF_N	RANKLE_MF_N	LHIP_MF_N	LKNEE_MF_N	LANKLE_MF_N	RHIP_MF_N	RKNEE_MF_N	RANKLE_MF_N	LHIP_MF_N	LKNEE_MF_N	LANKLE_MF_N	RHIP_MF_N	RKNEE_MF_N	RANKLE_MF_N	LHIP_MF_N	LKNEE_MF_N	LANKLE_MF_N	RHIP_MF_N	RKNEE_MF_N	RANKLE_MF_N	RHIP_MF_N	RKNEE_MF_N	RANKLE_MF_N	RHIP_MF_N	RKNEE_MF_N	RANKLE_MF_N
	LINK_MODEL_BASED	LINK_MODEL_BASED	LINK_MODEL_BASED	LINK_MODEL_BASED	LINK_MODEL_BASED	LINK_MODEL_BASED	LINK_MODEL_BASED	LINK_MODEL_BASED	LINK_MODEL_BASED	LINK_MODEL_BASED	LINK_MODEL_BASED	LINK_MODEL_BASED	LINK_MODEL_BASED	LINK_MODEL_BASED	LINK_MODEL_BASED	LINK_MODEL_BASED	LINK_MODEL_BASED	LINK_MODEL_BASED	LINK_MODEL_BASED	LINK_MODEL_BASED	LINK_MODEL_BASED	LINK_MODEL_BASED	LINK_MODEL_BASED	LINK_MODEL_BASED	LINK_MODEL_BASED	LINK_MODEL_BASED	LINK_MODEL_BASED	LINK_MODEL_BASED	LINK_MODEL_BASED	LINK_MODEL_BASED	LINK_MODEL_BASED	LINK_MODEL_BASED	LINK_MODEL_BASED	LINK_MODEL_BASED	LINK_MODEL_BASED	LINK_MODEL_BASED
	ORIGINAL	ORIGINAL	ORIGINAL	ORIGINAL	ORIGINAL	ORIGINAL	ORIGINAL	ORIGINAL	ORIGINAL	ORIGINAL	ORIGINAL	ORIGINAL	ORIGINAL	ORIGINAL	ORIGINAL	ORIGINAL	ORIGINAL	ORIGINAL	ORIGINAL	ORIGINAL	ORIGINAL	ORIGINAL	ORIGINAL	ORIGINAL	ORIGINAL	ORIGINAL	ORIGINAL	ORIGINAL	ORIGINAL	ORIGINAL	ORIGINAL	ORIGINAL	ORIGINAL	ORIGINAL	ORIGINAL	ORIGINAL
ITEM	X	X	X	X	X	X	X	X	X	X	X	X	X	X	X	X	X	X	X	X	X	X	X	X	X	X	X	X	X	X	X	X	X	X	X	X
1	0.40972	0.06699	-0.19592	0.07253	0.04816	0.03559	0.44933	0.15130	-0.16987	0.05024	0.07784	0.03905	0.48400	-0.27715	0.08925	0.22477	-0.10922	0.03032	0.39128	-0.13765	0.02820	0.50776	-0.22148	0.08928	0.35387	-0.17295	0.02704	0.52186	-0.14712	0.04404	0.37765	-0.14883	0.10473	0.61462	-0.22272	0.12081
2	0.45426	0.08094	-0.18642	0.09734	0.07465	0.04590	0.46950	0.16080	-0.15218	0.05306	0.12268	0.05564	0.54605	-0.29103	0.12756	0.22103	-0.07944	0.05340	0.42364	-0.09850	0.04549	0.53042	-0.21089	0.13844	0.39310	-0.16973	0.05091	0.53834	-0.12070	0.07539	0.41441	-0.15921	0.17002	0.64331	-0.19067	0.17615
3	0.48815	0.10007	-0.15974	0.12185	0.10195	0.05564	0.52740	0.17867	-0.14620	0.09201	0.16652	0.07090	0.60345	-0.28645	0.16605	0.22410	-0.04075	0.07938	0.43715	-0.04342	0.06606	0.54917	-0.18600	0.18515	0.42385	-0.14935	0.07375	0.54467	-0.08712	0.10556	0.66113	-0.27890	0.23719	0.65794	-0.13826	0.22530
4	0.51554	0.13324	-0.10937	0.14807	0.13431	0.06664	0.53877	0.18948	-0.09324	0.10692	0.21571	0.08929	0.66937	-0.26069	0.21125	0.22920	0.01512	0.11145	0.43647	0.03521	0.09491	0.55452	-0.13535	0.23491	0.44076	-0.10263	0.09677	0.52952	-0.02887	0.13532	0.71786	-0.25738	0.31425	0.66272	-0.05971	0.28261
5	0.53384	0.16994	-0.03645	0.16888	0.17326	0.07602	0.49884	0.15505	0.00585	0.06645	0.26640	0.10553	0.72935	-0.20720	0.26083	0.24439	0.07901	0.15111	0.42150	0.13048	0.13462	0.55438	-0.06140	0.28369	0.45069	-0.03262	0.12432	0.51052	0.04149	0.16573	0.51942	-0.06810	0.38904	0.66550	0.03825	0.34243
6	0.54439	0.20674	0.05825	0.18489	0.22274	0.08443	0.49450	0.15087	0.10110	0.06102	0.32188	0.12068	0.78054	-0.12690	0.31909	0.25573	0.15602	0.19916	0.39601	0.24288	0.18745	0.55181	0.03564	0.33638	0.45663	0.05879	0.16169	0.49315	0.12400	0.19947	0.50210	0.03579	0.46373	0.66969	0.15405	0.41064
7	0.54298	0.23875	0.17081	0.19642	0.28372	0.09173	0.52541	0.17133	0.19399	0.08262	0.38457	0.13751	0.81328	-0.02470	0.38696	0.25736	0.24175	0.25424	0.36086	0.36813	0.25261	0.54696	0.15346	0.39602	0.45480	0.16901	0.21158	0.47886	0.21858	0.23799	0.66997	0.07256	0.54727	0.67388	0.28361	0.48733
8	0.52878	0.26339	0.29159	0.20441	0.35431	0.09778	0.53556	0.19368	0.30292	0.09136	0.45081	0.15130	0.82441	0.08804	0.46275	0.25255	0.32650	0.31406	0.31907	0.49686	0.32736	0.53334	0.28947	0.46479	0.44287	0.28987	0.27284	0.46586	0.32314	0.28149	0.74553	0.16170	0.62282	0.68051	0.41381	0.57087
9	0.50550	0.27938	0.40733	0.21048	0.43048	0.10224	0.53033	0.20033	0.41322	0.09225	0.51874	0.16238	0.81685	0.19724	0.54212	0.24640	0.40076	0.37574	0.27670	0.61819	0.40790	0.51232	0.43143	0.54157	0.42295	0.40656	0.34140	0.45344	0.43094	0.32905	0.75071	0.27311	0.68947	0.68878	0.52988	0.65789
10	0.47714	0.28726	0.50650	0.21663	0.50741	0.10504	0.52513	0.21030	0.50638	0.10314	0.58623	0.17204	0.79606	0.29052	0.61998	0.23850	0.45945	0.43622	0.23871	0.72378	0.49024	0.48618	0.56485	0.62247	0.39666	0.50521	0.41201	0.44149	0.53332	0.37887	0.76511	0.35399	0.74972	0.69438	0.62030	0.74388
11	0.44621	0.28676	0.58121	0.22411	0.58049	0.10617	0.51219	0.21580	0.57795	0.11959	0.64961	0.17974	0.76406	0.36015	0.69124	0.22570	0.50075	0.49272	0.20692	0.80826	0.57063	0.45412	0.67910	0.70239	0.36764	0.57522	0.47958	0.42849	0.62446	0.42884	0.75880	0.40788	0.79954	0.69385	0.67757	0.82454
12	0.41468	0.27732	0.62689	0.23327	0.64588	0.10575	0.49348	0.21891	0.62232	0.14334	0.70645	0.18561	0.72098	0.40247	0.75159	0.20962	0.52275	0.54307	0.18062	0.86811	0.64595	0.41544	0.76755	0.77655	0.34244	0.61008	0.54009	0.41412	0.70120	0.47728	0.74029	0.42365	0.83866	0.68793	0.69643	0.89671
13	0.38566	0.26199	0.64176	0.24422	0.70093	0.10432	0.47136	0.21845	0.63670	0.17391	0.75526	0.18967	0.67214	0.41607	0.79823	0.19431	0.52392	0.58583	0.15825	0.90104	0.71380	0.37381	0.82493	0.84137	0.32660	0.60816	0.59078	0.40074	0.76049	0.52318	0.71001	0.39987	0.86726	0.67793	0.67429	0.95866
14	0.36241	0.24661	0.62726	0.25651	0.74432	0.10292	0.44856	0.21409	0.62079	0.20932	0.79541	0.19185	0.62671	0.40240	0.83014	0.18181	0.50458	0.62033	0.13847	0.90665	0.77261	0.33470	0.84755	0.89467	0.32204	0.57274	0.63022	0.39117	0.79907	0.56618	0.67054	0.34064	0.88615	0.66456	0.61214	1.00973
15	0.34654	0.23502	0.58770	0.26859	0.77579	0.10279	0.42744	0.20758	0.57684	0.24673	0.82693	0.19203	0.59036	0.36613	0.84779	0.17181	0.46657	0.64669	0.12144	0.88643	0.82152	0.30191	0.83480	0.93548	0.32781	0.51055	0.65808	0.38597	0.81438	0.60625	0.62828	0.25352	0.89632	0.64923	0.51491	1.04989
16	0.33736	0.22693	0.52923	0.27828	0.79586	0.10483	0.40960	0.20162	0.50944	0.28304	0.85017	0.19004	0.56204	0.31423	0.85240	0.16364	0.41247	0.66586	0.10825	0.84354	0.86028	0.27628	0.78967	0.96363	0.34179	0.42992	0.67489	0.38253	0.80604	0.64344	0.59000	0.14825	0.89850	0.63555	0.39077	1.07940
17	0.33354	0.22085	0.45822	0.28373	0.80546	0.10927	0.39640	0.19834	0.42451	0.31582	0.86564	0.18572	0.53864	0.25388	0.84542	0.15859	0.34490	0.67947	0.09975	0.78217	0.88912	0.25630	0.71807	0.97940	0.36223	0.33861	0.68183	0.37802	0.77595	0.67767	0.56061	0.03430	0.89304	0.62849	0.24935	1.09862
18	0.33436	0.21622	0.38012	0.28415	0.80578	0.11569	0.38920	0.19801	0.32813	0.34353	0.87395	0.17904	0.51896	0.19082	0.82829	0.16054	0.26615	0.68933	0.09649	0.70686	0.90857	0.24032	0.62725	0.98355	0.38764	0.24268	0.68048	0.37156	0.72773	0.70858	0.54220	-0.08065	0.88040	0.63139	0.10016	1.10789
19	0.33896	0.21200	0.29903	0.27967	0.79821	0.12335	0.38916	0.19985	0.22583	0.36530	0.87580	0.17028	0.50194	0.12896	0.80256	0.17284	0.17913	0.69676	0.09928	0.62181	0.91932	0.22867	0.52408	0.97730	0.41565	0.14631	0.67273	0.36461	0.66567	0.73571	0.53482	-0.19111	0.86149	0.64487	-0.04864	1.10772
20	0.34542	0.20605	0.21796	0.27097	0.78429	0.13132	0.39600	0.20341	0.12255	0.38078	0.87191	0.16011	0.48470	0.07097	0.76998	0.19414	0.08852	0.70213	0.10872	0.53067	0.92217	0.22253	0.41457	0.96215	0.44283	0.05225	0.66071	0.35947	0.59397	0.75853	0.53674	-0.29357	0.83778	0.66715	-0.19074	1.09897
21	0.35191	0.19706	0.13891	0.25919	0.76580	0.13871	0.40737	0.20863	0.02254	0.39042	0.86313	0.14947	0.46485	0.01823	0.73263	0.21930	-0.00030	0.70518	0.12437	0.43644	0.91810	0.22162	0.30393	0.93968	0.46653	-0.03793	0.64668	0.35622	0.51697	0.77652	0.54464	-0.38601	0.81123	0.69507	-0.32188	1.08303
22	0.35800	0.18622	0.06301	0.24579	0.74460	0.14482	0.42112	0.21480	-0.07148	0.39435	0.85055	0.13910	0.44292	-0.02929	0.69283	0.24378	-0.08349	0.70605	0.14446	0.34159	0.90819	0.22384	0.19654	0.91157	0.48663	-0.12326	0.63277	0.35824	0.43639	0.78934	0.55465	-0.46725	0.78402	0.72510	-0.43957	1.06178
23	0.36398	0.17621	-0.00900	0.23208	0.72242	0.14915	0.43480	0.22130	-0.15759	0.39328	0.83549	0.12949	0.42096	-0.07240	0.65287	0.26511	-0.15882	0.70551	0.16634	0.24820	0.89364	0.22673	0.09582	0.87956	0.50465	-0.20279	0.62075	0.36365	0.35458	0.79684	0.56444	-0.53667	0.75818	0.75407	-0.54287	1.03738
24	0.36954	0.16888	-0.07629	0.21883	0.70077	0.15148	0.44664	0.22740	-0.23457	0.38806	0.81926	0.12085	0.40007	-0.11160	0.61474	0.28307	-0.22527	0.70463	0.18748	0.15805	0.87569	0.22925	0.00403	0.84540	0.52108	-0.27531	0.61190	0.36823	0.27392	0.79908	0.57343	-0.59374	0.73523	0.77921	-0.63178	1.01195
25	0.37387	0.16435	-0.13790	0.20627	0.68086	0.15193	0.45724	0.23133	-0.30233	0.37841	0.80303	0.11326	0.38048	-0.14691	0.58002	0.29863	-0.28259	0.70456	0.20632	0.07273	0.85560	0.23212	-0.07771	0.81079	0.53482	-0.33951	0.60697	0.37599	0.19338	0.79638	0.58128	-0.63802	0.71612	0.79815	-0.70669	0.98731
26	0.37596	0.16176	-0.19297	0.19453	0.66356	0.15077	0.46519	0.23209	-0.36039	0.36523	0.78780	0.10671	0.36176	-0.17826	0.54988	0.31252	-0.33100	0.70637	0.22178	-0.00622	0.83458	0.23713	-0.14927	0.77735	0.54435	-0.39443	0.60620	0.38056	0.11560	0.78921	0.58673	-0.66923	0.70128	0.80901	-0.76806	0.96478
27	0.37496	0.16000	-0.24096	0.18378	0.64942	0.14835	0.47029	0.22862	-0.40886	0.34883	0.77433	0.10121	0.34308	-0.20578	0.52509	0.32441	-0.37087	0.71091	0.23330	-0.07731	0.81364	0.24645	-0.21130	0.74654	0.54851	-0.43979	0.60954	0.38192	0.04145	0.77832	0.58766	-0.68740	0.69073	0.81102	-0.81617	0.94513
28	0.37096	0.15830	-0.28177	0.17416	0.63878	0.14502	0.47346	0.22058	-0.44822	0.32924	0.76318	0.09682	0.32472	-0.23006	0.50606	0.33321	-0.40262	0.71874	0.24094	-0.13931	0.79357	0.26129	-0.26489	0.71961	0.54723	-0.47592	0.61671	0.38440	-0.02925	0.76469	0.58343	-0.69325	0.68420	0.80499	-0.85111	0.92867
29	0.36445	0.15618	-0.31541	0.16565	0.63172	0.14114	0.47525	0.20925	-0.47885	0.30709	0.75473	0.09370	0.30684	-0.25125	0.49277	0.33811	-0.42670	0.73009	0.24525	-0.19145	0.77495	0.28055	-0.31113	0.69754	0.54125	-0.50355	0.62743	0.38929	-0.09521	0.74932	0.57517	-0.68826	0.68130	0.79314	-0.87297	0.91540
30	0.35705	0.15243	-0.34255	0.15769	0.62816	0.13712	0.47651	0.19651	-0.50137	0.28283	0.74918	0.09196	0.29311	-0.27078	0.48491	0.33875	-0.44364	0.74496	0.24701	-0.23352	0.75820	0.30089	-0.35077	0.68103	0.53104	-0.52335	0.64138	0.40005	-0.15614	0.73322	0.56460	-0.67437	0.68154	0.77823	-0.88195	0.90518
31	0.34823	0.14646	-0.36308	0.15005	0.62786	0.13361	0.47728	0.18423	-0.51649	0.25697	0.74665	0.09170	0.28177	-0.28758	0.48167	0.33479	-0.45402	0.76308	0.24679	-0.26579	0.74363	0.31862	-0.38437	0.67050	0.51614	-0.53588	0.65829	0.41831	-0.21183	0.71733	0.55253	-0.65360	0.68451	0.76214	-0.87865	0.89781
32	0.33636	0.13826	-0.37682	0.14276	0.63057	0.13128	0.47690	0.17355	-0.52507	0.23011	0.74712	0.09290	0.26927	-0.30013	0.48216	0.32639	-0.45868	0.78408	0.24444	-0.28879	0.73154	0.33205	-0.41247	0.66609	0.49536	-0.54153	0.67800	0.44294	-0.26214	0.70244	0.53795	-0.62784	0.68987	0.74516	-0.86422	0.89312
33	0.35543	0.11418	-0.40072	0.12428	0.63726	0.12869	0.47409	0.16467	-0.52802	0.20292	0.75056	0.09540	0.35990	-0.35828	0.48919	0.31434	-0.45865	0.80752	0.23908	-0.30323	0.72216	0.34143	-0.43553	0.66779	0.46731	-0.54066	0.70044	0.47054	-0.30707	0.68918	0.51829	-0.59851	0.69736	0.72585	-0.84035	0.89095
34	0.33082	0.10058	-0.40028	0.11783	0.64677	0.12804	0.46696	0.15716	-0.52625	0.17622	0.75683	0.09894	0.33196	-0.35723	0.49903	0.29931	-0.45505	0.83283	0.22967	-0.31004	0.71567	0.34714	-0.45383	0.67545	0.43082	-0.53358	0.72560	0.49637	-0.34662	0.67798	0.49067	-0.56663	0.70675	0.70128	-0.80910	0.89112
35	0.26833	0.10201	-0.37958	0.12215	0.65811	0.13118	0.45354	0.15045	-0.52059	0.15097	0.76573	0.10317	0.20371	-0.30788	0.50852	0.28189	-0.44909	0.85932	0.21536	-0.31025	0.71228	0.34811	-0.46730	0.68886	0.38592	-0.52062	0.75352	0.51641	-0.38086	0.66921	0.45324	-0.53303	0.71787	0.66803	-0.77265	0.89339
36	0.25044	0.07386	-0.37808	0.10818	0.67302	0.13497	0.43276	0.14425	-0.51195	0.12823	0.77700	0.10761	0.22121	-0.32702	0.52280	0.26323	-0.44207	0.88616	0.19568	-0.30488	0.71218	0.34254	-0.47586	0.70773	0.33444	-0.50234	0.78408	0.52830	-0.41002	0.66321	0.40593	-0.49847	0.73052	0.62381	-0.73333	0.89739
37	0.24336	0.06308	-0.37948	0.09327	0.69044	0.14072	0.40505	0.13857	-0.50122	0.10912	0.79030	0.11175	0.28019	-0.36415	0.53885	0.24515	-0.43526	0.91240	0.17052	-0.29483	0.71554	0.32997	-0.47949	0.73180	0.27936	-0.47946	0.81692	0.53123	-0.43433	0.66026	0.35045	-0.46364	0.74443	0.56844	-0.69336	0.90260
38	0.20315	0.05593	-0.36322	0.08615	0.70913	0.14934	0.37208	0.13383	-0.48915	0.09465	0.80519	0.11514	0.24626	-0.35572	0.55356	0.22897	-0.42963	0.93716	0.13994	-0.28107	0.72249	0.31234	-0.47846	0.76071	0.22325	-0.45287	0.85133	0.52532	-0.45397	0.66062	0.28992	-0.42918	0.75920	0.50384	-0.65451	0.90826
39	0.16729	0.06256	-0.34755	0.07978	0.73037	0.15730	0.33584	0.13100	-0.47627	0.08551	0.82114	0.11746	0.22960	-0.35451	0.57173	0.21418	-0.42564	0.95966	0.10448	-0.26453	0.73309	0.29265	-0.47314	0.79398	0.16779	-0.42362	0.88629	0.51124	-0.46913	0.66447	0.22772	-0.39545	0.77421	0.43343	-0.61801	0.91338
40	0.12823	0.07089	-0.32930	0.07540	0.75329	0.16422	0.29805	0.13090	-0.46292	0.08173	0.83749	0.11863	0.20496	-0.34886	0.59217	0.19936	-0.42339	0.97935	0.06517	-0.24605	0.74727	0.27274	-0.46385	0.83088	0.11456	-0.39301	0.92044	0.49025	-0.48006	0.67182	0.16675	-0.36267	0.78862	0.36116	-0.58462	0.91679
41	0.08954	0.08078	-0.31042	0.07354	0.77721	0.16911	0.25972	0.13316	-0.44915	0.08238	0.85347	0.11894	0.17957	-0.34260	0.61461	0.18324	-0.42279	0.99593	0.02340	-0.22628	0.76485	0.25275	-0.45087	0.87037	0.06563	-0.36238	0.95216	0.46332	-0.48682	0.68246	0.10919	-0.33096	0.80146	0.29011	-0.55431	0.91713
42	0.05220	0.08983	-0.29158	0.07439	0.80114	0.17127	0.22158	0.13635	-0.43485	0.08592	0.86820	0.11901	0.15306	-0.33609	0.63824	0.16538	-0.42370	1.00937	-0.01921	-0.20570	0.78549	0.23259	-0.43469	0.91112	0.02276	-0.33295	0.97970	0.43105	-0.48927	0.69592	0.05663	-0.30036	0.81162	0.22226	-0.52624	0.91297
43	0.01679	0.09671	-0.27331	0.07771	0.82403	0.17012	0.18433	0.13899	-0.41986	0.09079	0.88077	0.11980	0.12514	-0.32984	0.66210	0.14589	-0.42590	1.01985	-0.06080	-0.18470	0.80868	0.21204	-0.41601	0.95148	-0.01396	-0.30539	1.00130	0.39451	-0.48727	0.71152	0.01057	-0.27115	0.81806	0.15863	-0.49897	0.90296
44	-0.01684	0.10065	-0.25578	0.08282	0.84477	0.16532	0.14840	0.14039	-0.40395	0.09594	0.89026	0.12237	0.09522	-0.32395	0.68525	0.12507	-0.42900	1.02760	-0.09959	-0.16362	0.83371	0.19024	-0.39563	0.98960	-0.04614	-0.27978	1.01534	0.35559	-0.48089	0.72844	-0.02827	-0.24350	0.81984	0.09937	-0.47073	0.88583
45	-0.04902	0.10152	-0.23883	0.08897	0.86224	0.15683	0.11355	0.13993	-0.38671	0.10081	0.89579	0.12765	0.06324	-0.31819	0.70676	0.10323	-0.43244	1.03279	-0.13439	-0.14265	0.85958	0.16559	-0.37422	1.02358	-0.07590	-0.25565	1.02038	0.31494	-0.46980	0.74571	-0.05997	-0.21733	0.81631	0.04397	-0.43974	0.86058
46	-0.07982	0.09969	-0.22203	0.09553	0.87540	0.14495	0.07996	0.13849	-0.36781	0.10550	0.89656	0.13624	0.02990	-0.31210	0.72586	0.08014	-0.43535	1.03537	-0.16482	-0.12184	0.88504	0.13620	-0.35218	1.05159	-0.10455	-0.23215	1.01529	0.27643	-0.45474	0.76232	-0.08503	-0.19227	0.80708	-0.00797	-0.40452	0.82643
47	-0.10915	0.09576	-0.20474	0.10199	0.88327	0.13048	0.04810	0.13701	-0.34705	0.11046	0.89185	0.14827	-0.00388	-0.30504	0.74199	0.05545	-0.43662	1.03507	-0.19108	-0.10113	0.90856	0.10076	-0.32967	1.07201	-0.13251	-0.20805	0.99924	0.24397	-0.43684	0.77720	-0.10385	-0.16783	0.79195	-0.05583	-0.36426	0.78303
48	-0.13680	0.09042	-0.18622	0.10802	0.88502	0.11483	0.01661	0.13246	-0.32368	0.11554	0.88105	0.16342	-0.03723	-0.29629	0.75481	0.02928	-0.43507	1.03139	-0.21377	-0.08037	0.92844	0.05902	-0.30658	1.08341	-0.15940	-0.18201	0.97180	0.20964	-0.41418	0.78919	-0.11698	-0.14344	0.77088	-0.09793	-0.31914	0.73040
49	-0.16250	0.08456	-0.16575	0.11349	0.87990	0.10042	-0.01330	0.12693	-0.29785	0.12119	0.86365	0.18103	-0.06910	-0.28515	0.76409	0.00239	-0.42954	1.02361	-0.23386	-0.05928	0.94280	0.01202	-0.28266	1.08468	-0.18453	-0.15280	0.93282	0.17794	-0.38834	0.79699	-0.12660	-0.11832	0.74391	-0.13223	-0.27037	0.66905
50	-0.18602	0.07934	-0.14275	0.11850	0.86725	0.09098	-0.04147	0.12174	-0.26962	0.12717	0.83923	0.20020	-0.09824	-0.27108	0.76964	-0.02441	-0.41893	1.01087	-0.25260	-0.03745	0.94969	-0.03821	-0.25752	1.07505	-0.20722	-0.11972	0.88241	0.14944	-0.35981	0.79917	-0.13633	-0.09166	0.71101	-0.15783	-0.22015	0.60007
51	-0.20728	0.07578	-0.11692	0.12326	0.84635	0.09071	-0.06907	0.11641	-0.23897	0.13240	0.80758	0.21971	-0.12363	-0.25367	0.77107	-0.05047	-0.40218	0.99222	-0.27134	-0.01436	0.94707	-0.08902	-0.23067	1.05409	-0.22686	-0.08272	0.82092	0.11959	-0.32769	0.79421	-0.14988	-0.06299	0.67215	-0.17558	-0.17133	0.52525
52	-0.22612	0.07447	-0.08831	0.12783	0.81652	0.10127	-0.09610	0.11189	-0.20636	0.13565	0.76858	0.23829	-0.14466	-0.23270	0.76771	-0.07538	-0.37838	0.96673	-0.29071	0.01039	0.93295	-0.13721	-0.20173	1.02170	-0.24298	-0.04260	0.74890	0.08892	-0.29245	0.78063	-0.16921	-0.03240	0.62723	-0.18763	-0.12687	0.44661
53	-0.24239	0.07522	-0.05745	0.13184	0.77713	0.12018	-0.12235	0.10732	-0.17253	0.13537	0.72256	0.25411	-0.16159	-0.20809	0.75845	-0.09879	-0.34700	0.93361	-0.31040	0.03694	0.90555	-0.18001	-0.17050	0.97802	-0.25519	-0.00121	0.66737	0.05595	-0.25398	0.75714	-0.19319	-0.00086	0.57625	-0.19573	-0.09033	0.36776
54	-0.25598	0.07749	-0.02535	0.13451	0.72779	0.14319	-0.14720	0.10202	-0.13844	0.13057	0.66996	0.26559	-0.17506	-0.17992	0.74185	-0.12022	-0.30822	0.89235	-0.32952	0.06509	0.86343	-0.21579	-0.13714	0.92343	-0.26334	0.03879	0.57809	0.02048	-0.21259	0.72283	-0.21840	0.02991	0.51933	-0.20209	-0.06414	0.29186
55	-0.26664	0.08080	0.00674	0.13488	0.66857	0.16623	-0.17050	0.09617	-0.10473	0.12149	0.61079	0.27262	-0.18554	-0.14860	0.71627	-0.13926	-0.26315	0.84278	-0.34713	0.09415	0.80574	-0.24476	-0.10217	0.85856	-0.26724	0.07467	0.48370	-0.01605	-0.16937	0.67728	-0.24104	0.05772	0.45693	-0.21140	-0.04668	0.21839
56	-0.27349	0.08482	0.03715	0.13204	0.60022	0.18585	-0.19012	0.08937	-0.07465	0.10826	0.55013	0.26700	-0.19333	-0.11490	0.68034	-0.15602	-0.21389	0.78524	-0.36230	0.12285	0.73258	-0.26880	-0.06660	0.78446	-0.26484	0.10351	0.38775	-0.05161	-0.12609	0.62077	-0.25940	0.08032	0.38995	-0.21480	-0.04697	0.17025
57	-0.27557	0.08944	0.06422	0.12552	0.52441	0.19922	-0.21227	0.08476	-0.04313	0.09462	0.47762	0.26963	-0.19903	-0.07993	0.63331	-0.17207	-0.16307	0.72057	-0.37389	0.14933	0.64544	-0.29024	-0.03213	0.70287	-0.25381	0.12327	0.29447	-0.08445	-0.08517	0.55453	-0.27527	0.09615	0.32026	-0.23934	-0.03143	0.08985
58	-0.27236	0.09442	0.08673	0.11570	0.44375	0.20428	-0.23922	0.08410	-0.00933	0.08056	0.39472	0.28168	-0.20303	-0.04515	0.57537	-0.18998	-0.11328	0.64990	-0.37989	0.17120	0.54748	-0.31019	-0.00094	0.61594	-0.23416	0.13414	0.20842	-0.11457	-0.04917	0.48048	-0.29061	0.10489	0.25138	-0.29072	0.01186	-0.02411
59	-0.26094	0.10157	0.10139	0.10259	0.36127	0.20076	-0.25790	0.07949	0.01223	0.06293	0.33188	0.25151	-0.20396	-0.01264	0.50787	-0.21040	-0.06728	0.57447	-0.37821	0.18622	0.44349	-0.32725	0.02464	0.52618	-0.20065	0.13059	0.13245	-0.14093	-0.02038	0.40297	-0.30367	0.10289	0.18358	-0.30724	0.02129	-0.02781
60	-0.25287	0.09921	0.11790	0.09203	0.28239	0.18617	-0.27225	0.07276	0.02845	0.04819	0.27266	0.21578	-0.19870	0.01514	0.43334	-0.23106	-0.02779	0.49575	-0.36738	0.19271	0.33948	-0.33866	0.04285	0.43658	-0.19254	0.14585	0.07436	-0.16431	-0.00073	0.32370	-0.31376	0.09964	0.12802	-0.31346	0.02826	-0.02073
61	-0.18808	0.15778	0.08209	0.09384	0.20235	0.17603	-0.28050	0.06411	0.03784	0.03323	0.21244	0.18469	-0.18486	0.03607	0.35528	-0.24900	0.00360	0.41562	-0.34744	0.19006	0.24186	-0.34172	0.05278	0.35014	-0.03193	0.02014	0.00993	-0.18340	0.00874	0.24579	-0.31544	0.08443	0.07556	-0.31292	0.03965	-0.02493
62	-0.13405	0.20510	0.05676	0.12065	0.13920	0.14794	-0.27534	0.05893	0.03185	0.01930	0.15314	0.16279	-0.16251	0.04909	0.27795	-0.26131	0.02645	0.33609	-0.32343	0.18106	0.15611	-0.33610	0.05498	0.27010	0.08379	-0.05987	-0.01647	-0.18114	0.00947	0.19166	-0.30010	0.01980	-0.00872	-0.29806	0.04855	-0.02342
63	-0.11699	0.18063	0.06096	0.09608	0.09413	0.10856	-0.27693	0.03710	0.03194	0.02488	0.09794	0.13039	-0.13411	0.05520	0.20634	-0.26563	0.04153	0.26008	-0.28845	0.15979	0.08642	-0.32353	0.05114	0.19915	0.07159	-0.03210	-0.01037	-0.22534	0.00145	0.08466	-0.29945	0.00951	-0.03136	-0.27071	0.05608	-0.02282
64	-0.10845	0.17141	0.06010	0.08975	0.05380	0.07924	-0.27766	0.03081	0.03549	0.02481	0.05067	0.10446	-0.10130	0.05241	0.14148	-0.25893	0.04896	0.18951	-0.28333	0.15345	0.03262	-0.30283	0.04204	0.13694	0.05927	-0.02555	-0.01270	-0.29176	-0.00424	-0.02874	-0.30203	0.03009	-0.02272	-0.23272	0.06061	-0.02165
65	-0.09700	0.12872	0.05351	0.05937	0.02745	0.06078	-0.25879	0.04443	0.03804	0.02148	0.03084	0.07443	-0.07455	0.05712	0.09742	-0.24206	0.05072	0.12775	-0.23547	0.11100	-0.00272	-0.29152	0.03555	0.09492	0.01902	-0.00758	-0.01234	-0.28106	0.00432	-0.02246	-0.29122	0.03830	-0.02595	-0.18810	0.06130	-0.02007
66	-0.03574	0.01064	-0.00397	0.02293	-0.00067	0.02237	-0.22792	0.05194	0.03728	0.02147	0.01151	0.04660	-0.03104	0.00957	0.02510	-0.22192	0.05228	0.08072	-0.04792	-0.03044	-0.01496	-0.24170	0.01563	0.03895	-0.02827	0.00898	-0.01216	-0.26290	0.01258	-0.01879	-0.27145	0.04801	-0.02501	-0.14161	0.05792	-0.01835
67	-0.03898	0.04098	-0.01287	0.03115	-0.01667	0.00562	-0.17920	0.06257	0.02602	0.02733	-0.01673	0.01067	0.00674	-0.03178	-0.02261	-0.14930	0.01487	0.00167	-0.05129	-0.02991	-0.01595	-0.16455	-0.01054	-0.02198	-0.07239	0.02309	-0.01143	-0.24124	0.01942	-0.02294	-0.24309	0.05542	-0.02388	-0.09784	0.05090	-0.01649
68	-0.06351	0.06307	0.00581	0.02330	-0.01263	0.00271	-0.14910	0.06459	0.02565	0.02530	-0.01983	0.00316	0.00917	-0.01336	-0.01178	-0.10731	0.00579	-0.02164	-0.09596	-0.00093	-0.01566	-0.16229	-0.00335	-0.01898	-0.10375	0.03174	-0.01045	-0.21004	0.02590	-0.02144	-0.20550	0.05843	-0.02243	-0.06037	0.04146	-0.01468
69	-0.08078	0.06554	0.01451	0.01852	-0.01284	0.00315	-0.12372	0.06216	0.02790	0.01948	-0.01724	0.00356	-0.00510	-0.00258	-0.01363	-0.08852	0.01594	-0.01437	-0.11802	0.01194	-0.01551	-0.16076	0.00487	-0.01736	-0.11923	0.03418	-0.00937	-0.17624	0.03095	-0.02095	-0.16214	0.05663	-0.02051	-0.03092	0.03111	-0.01301
70	-0.09840	0.05681	0.02446	0.01012	-0.01171	0.00316	-0.09816	0.06101	0.02755	0.01490	-0.01701	0.00321	-0.03374	0.01284	-0.01206	-0.06431	0.01867	-0.01679	-0.14035	0.02918	-0.01467	-0.15714	0.01321	-0.01849	-0.12110	0.03135	-0.00839	-0.14217	0.03453	-0.01966	-0.11808	0.05021	-0.01852	-0.00911	0.02115	-0.01156
71	-0.10908	0.04107	0.03041	0.00860	-0.01073	0.00296	-0.07657	0.06128	0.02682	0.01128	-0.01548	0.00299	-0.06549	0.02568	-0.01098	-0.04735	0.02219	-0.01543	-0.14704	0.04033	-0.01357	-0.15421	0.02339	-0.01712	-0.11471	0.02520	-0.00765	-0.11092	0.03638	-0.01796	-0.07718	0.03990	-0.01652	0.00683	0.01223	-0.01039
72	-0.11249	0.02498	0.03285	0.01451	-0.00976	0.00253	-0.05745	0.06136	0.02474	0.01244	-0.01419	0.00274	-0.09170	0.03409	-0.00980	-0.03499	0.02349	-0.01444	-0.14019	0.04669	-0.01226	-0.14547	0.03246	-0.01620	-0.10558	0.01775	-0.00720	-0.08412	0.03635	-0.01613	-0.04172	0.02707	-0.01466	0.01903	0.00431	-0.00950
73	-0.10931	0.01282	0.03189	0.01935	-0.00889	0.00197	-0.04074	0.06040	0.02133	0.01704	-0.01278	0.00233	-0.10839	0.03746	-0.00870	-0.02713	0.02285	-0.01290	-0.12256	0.04785	-0.01095	-0.13166	0.03938	-0.01487	-0.09698	0.01036	-0.00702	-0.06177	0.03439	-0.01424	-0.01232	0.01311	-0.01299	0.02920	-0.00307	-0.00890
74	-0.10195	0.01297	0.02830	0.02174	-0.00820	0.00142	-0.02597	0.05841	0.01645	0.02193	-0.01146	0.00185	-0.11581	0.03660	-0.00779	-0.02189	0.01985	-0.01127	-0.09994	0.04468	-0.00979	-0.11451	0.04291	-0.01351	-0.09010	0.00363	-0.00703	-0.04287	0.03057	-0.01244	0.01104	-0.00076	-0.01154	0.03836	-0.01030	-0.00854
75	-0.09311	0.01966	0.02307	0.02211	-0.00770	0.00100	-0.01296	0.05588	0.01024	0.02572	-0.01027	0.00140	-0.11547	0.03281	-0.00707	-0.01784	0.01472	-0.00970	-0.07854	0.03863	-0.00885	-0.09640	0.04269	-0.01216	-0.08533	-0.00224	-0.00718	-0.02629	0.02516	-0.01083	0.02886	-0.01383	-0.01031	0.04685	-0.01753	-0.00837
76	-0.08492	0.02304	0.01702	0.02116	-0.00737	0.00082	-0.00159	0.05324	0.00303	0.02818	-0.00924	0.00106	-0.10893	0.02719	-0.00654	-0.01419	0.00799	-0.00834	-0.06297	0.03116	-0.00817	-0.07904	0.03912	-0.01088	-0.08287	-0.00730	-0.00741	-0.01163	0.01864	-0.00947	0.04236	-0.02596	-0.00926	0.05452	-0.02463	-0.00826
77	-0.07880	0.02167	0.01083	0.01959	-0.00719	0.00089	0.00816	0.05095	-0.00476	0.02962	-0.00837	0.00089	-0.09814	0.02067	-0.00617	-0.01081	0.00041	-0.00729	-0.05537	0.02355	-0.00774	-0.06349	0.03306	-0.00977	-0.08288	-0.01173	-0.00767	0.00077	0.01166	-0.00837	0.05339	-0.03746	-0.00834	0.06097	-0.03148	-0.00811
78	-0.07556	0.01766	0.00508	0.01790	-0.00712	0.00104	0.01629	0.04950	-0.01275	0.03070	-0.00765	0.00082	-0.08583	0.01415	-0.00594	-0.00783	-0.00714	-0.00658	-0.05517	0.01663	-0.00751	-0.05057	0.02562	-0.00887	-0.08569	-0.01554	-0.00792	0.01021	0.00488	-0.00751	0.06361	-0.04892	-0.00749	0.06602	-0.03817	-0.00780
79	-0.07513	0.01576	0.00016	0.01632	-0.00715	0.00117	0.02292	0.04933	-0.02065	0.03214	-0.00704	0.00076	-0.07432	0.00843	-0.00586	-0.00521	-0.01390	-0.00621	-0.05978	0.01068	-0.00745	-0.04071	0.01788	-0.00823	-0.09127	-0.01864	-0.00814	0.01629	-0.00117	-0.00687	0.07425	-0.06093	-0.00665	0.06998	-0.04513	-0.00724
80	-0.07619	0.01945	-0.00386	0.01498	-0.00725	0.00121	0.02869	0.05078	-0.02840	0.03459	-0.00652	0.00079	-0.06398	0.00392	-0.00592	-0.00254	-0.01945	-0.00615	-0.06596	0.00564	-0.00754	-0.03354	0.01068	-0.00784	-0.09862	-0.02113	-0.00829	0.01920	-0.00618	-0.00642	0.08638	-0.07395	-0.00576	0.07394	-0.05311	-0.00641
81	-0.07682	0.02601	-0.00720	0.01395	-0.00741	0.00115	0.03471	0.05413	-0.03606	0.03845	-0.00604	0.00110	-0.05435	0.00051	-0.00612	0.00105	-0.02375	-0.00632	-0.07080	0.00119	-0.00777	-0.02804	0.00444	-0.00767	-0.10531	-0.02330	-0.00834	0.01978	-0.00990	-0.00611	0.10106	-0.08823	-0.00480	0.07972	-0.06284	-0.00529
82	-0.07616	0.03121	-0.01023	0.01333	-0.00760	0.00104	0.04222	0.05946	-0.04368	0.04373	-0.00557	0.00172	-0.04684	-0.00213	-0.00641	0.00642	-0.02706	-0.00665	-0.07266	-0.00295	-0.00809	-0.02299	-0.00075	-0.00768	-0.10897	-0.02561	-0.00831	0.01945	-0.01234	-0.00591	0.11880	-0.10361	-0.00374	0.08940	-0.07462	-0.00389
83	-0.07421	0.03262	-0.01326	0.01310	-0.00779	0.00093	0.05181	0.06635	-0.05121	0.04993	-0.00509	0.00253	-0.04316	-0.00443	-0.00673	0.01373	-0.02991	-0.00702	-0.07126	-0.00704	-0.00847	-0.01763	-0.00496	-0.00781	-0.10821	-0.02830	-0.00817	0.01979	-0.01391	-0.00575	0.13858	-0.11927	-0.00259	0.10458	-0.08801	-0.00229
84	-0.07115	0.03029	-0.01650	0.01308	-0.00794	0.00088	0.06330	0.07411	-0.05857	0.05613	-0.00457	0.00342	-0.04326	-0.00676	-0.00707	0.02228	-0.03302	-0.00733	-0.06683	-0.01138	-0.00883	-0.01192	-0.00831	-0.00799	-0.10337	-0.03137	-0.00792	0.02200	-0.01550	-0.00560	0.15810	-0.13382	-0.00136	0.12602	-0.10221	-0.00055
85	-0.06684	0.02632	-0.02016	0.01304	-0.00802	0.00094	0.07616	0.08249	-0.06570	0.06144	-0.00399	0.00431	-0.04508	-0.00950	-0.00741	0.03131	-0.03695	-0.00752	-0.05935	-0.01628	-0.00910	-0.00630	-0.01113	-0.00817	-0.09610	-0.03470	-0.00753	0.02631	-0.01801	-0.00540	0.17549	-0.14601	-0.00011	0.15398	-0.11641	0.00124
86	-0.06076	0.02292	-0.02434	0.01301	-0.00798	0.00114	0.09014	0.09216	-0.07266	0.06533	-0.00337	0.00513	-0.04605	-0.01278	-0.00774	0.04039	-0.04190	-0.00756	-0.04906	-0.02181	-0.00922	-0.00120	-0.01402	-0.00829	-0.08718	-0.03844	-0.00698	0.03223	-0.02197	-0.00510	0.19052	-0.15514	0.00112	0.18877	-0.13025	0.00299
87	-0.05215	0.02057	-0.02916	0.01332	-0.00781	0.00147	0.10560	0.10427	-0.07966	0.06760	-0.00268	0.00584	-0.04410	-0.01651	-0.00804	0.04936	-0.04806	-0.00740	-0.03682	-0.02790	-0.00915	0.00373	-0.01776	-0.00830	-0.07552	-0.04306	-0.00624	0.03919	-0.02760	-0.00466	0.20478	-0.16099	0.00233	0.23092	-0.14389	0.00463
88	-0.04052	0.01805	-0.03471	0.01422	-0.00745	0.00190	0.12335	0.11953	-0.08700	0.06830	-0.00193	0.00638	-0.03838	-0.02057	-0.00824	0.05825	-0.05577	-0.00703	-0.02363	-0.03455	-0.00884	0.00981	-0.02295	-0.00814	-0.05954	-0.04901	-0.00528	0.04730	-0.03495	-0.00404	0.22067	-0.16354	0.00349	0.28074	-0.15782	0.00609
89	-0.02592	0.01465	-0.04113	0.01574	-0.00688	0.00239	0.14423	0.13762	-0.09491	0.06770	-0.00110	0.00673	-0.02970	-0.02500	-0.00828	0.06697	-0.06526	-0.00642	-0.00976	-0.04196	-0.00824	0.01882	-0.02980	-0.00779	-0.03831	-0.05645	-0.00411	0.05747	-0.04414	-0.00321	0.24078	-0.16301	0.00460	0.33713	-0.17236	0.00734
90	-0.00866	0.01294	-0.04866	0.01773	-0.00605	0.00287	0.16856	0.15744	-0.10344	0.06633	-0.00019	0.00687	-0.01970	-0.03005	-0.00809	0.07527	-0.07632	-0.00556	0.00558	-0.05057	-0.00729	0.03192	-0.03824	-0.00722	-0.01186	-0.06536	-0.00277	0.07083	-0.05513	-0.00217	0.26701	-0.15985	0.00567	0.39776	-0.18768	0.00832
91	0.01162	0.01823	-0.05778	0.01994	-0.00497	0.00324	0.19620	0.17763	-0.11261	0.06495	0.00077	0.00679	-0.00935	-0.03640	-0.00759	0.08347	-0.08849	-0.00446	0.02372	-0.06107	-0.00597	0.04886	-0.04817	-0.00643	0.02050	-0.07587	-0.00134	0.08877	-0.06771	-0.00092	0.30016	-0.15469	0.00667	0.45971	-0.20399	0.00899
92	0.03594	0.03008	-0.06906	0.02214	-0.00366	0.00346	0.22689	0.19653	-0.12249	0.06430	0.00176	0.00648	0.00209	-0.04484	-0.00674	0.09303	-0.10136	-0.00316	0.04615	-0.07409	-0.00431	0.06873	-0.05951	-0.00542	0.05959	-0.08826	0.00008	0.11289	-0.08172	0.00051	0.34005	-0.14838	0.00755	0.51975	-0.22146	0.00932
93	0.06554	0.04493	-0.08294	0.02408	-0.00218	0.00346	0.26017	0.21205	-0.13316	0.06485	0.00272	0.00596	0.01692	-0.05613	-0.00553	0.10582	-0.11448	-0.00174	0.07418	-0.08997	-0.00238	0.09082	-0.07224	-0.00424	0.10553	-0.10272	0.00137	0.14489	-0.09723	0.00207	0.38558	-0.14196	0.00827	0.57376	-0.23990	0.00924
94	0.10119	0.05946	-0.09953	0.02542	-0.00064	0.00322	0.29497	0.22152	-0.14471	0.06634	0.00360	0.00526	0.03829	-0.07079	-0.00400	0.12312	-0.12739	-0.00029	0.10882	-0.10872	-0.00032	0.11516	-0.08645	-0.00293	0.15647	-0.11908	0.00241	0.18611	-0.11455	0.00370	0.43428	-0.13669	0.00875	0.61617	-0.25845	0.00875
95	0.14161	0.07045	-0.11854	0.02579	0.00084	0.00276	0.32916	0.22221	-0.15694	0.06780	0.00432	0.00447	0.06718	-0.08901	-0.00225	0.14531	-0.13953	0.00109	0.15039	-0.12997	0.00172	0.14247	-0.10240	-0.00156	0.20725	-0.13664	0.00305	0.23587	-0.13371	0.00529	0.48176	-0.13368	0.00896	0.64040	-0.27539	0.00783
96	0.18282	0.07617	-0.13922	0.02494	0.00211	0.00223	0.35961	0.21148	-0.16951	0.06758	0.00483	0.00369	0.10011	-0.11043	-0.00045	0.17254	-0.15048	0.00227	0.19826	-0.15310	0.00360	0.17352	-0.12042	-0.00022	0.25008	-0.15413	0.00318	0.29111	-0.15440	0.00676	0.52104	-0.13429	0.00879	0.63982	-0.28796	0.00654
97	0.21913	0.07828	-0.16040	0.02321	0.00302	0.00200	0.38283	0.18741	-0.18186	0.06373	0.00504	0.00307	0.13003	-0.13395	0.00119	0.20529	-0.16029	0.00317	0.25048	-0.17736	0.00516	0.20843	-0.14073	0.00104	0.27687	-0.16988	0.00271	0.34721	-0.17615	0.00799	0.54343	-0.13953	0.00812	0.60977	-0.29261	0.00490
98	0.24489	0.08245	-0.18052	0.02200	0.00347	0.00247	0.39654	0.15112	-0.19293	0.05529	0.00503	0.00296	0.15048	-0.15788	0.00246	0.24330	-0.16916	0.00368	0.30276	-0.20183	0.00628	0.24629	-0.16329	0.00219	0.28141	-0.18186	0.00166	0.39925	-0.19851	0.00893	0.54253	-0.14753	0.00740	0.55136	-0.28615	0.00295
99	0.25572	0.09533	-0.19760	0.02417	0.00339	0.00338	0.39907	0.10593	-0.20416	0.04080	0.00435	0.00322	0.15798	-0.18004	0.00319	0.28568	-0.17785	0.00376	0.34845	-0.22516	0.00686	0.28567	-0.18783	0.00319	0.26072	-0.18760	0.00011	0.44299	-0.22102	0.00955	0.50653	-0.16662	0.00447	0.47449	-0.26746	0.00076
100	0.24869	0.11823	-0.20919	0.03206	0.00277	0.00430	0.39525	0.06942	-0.21052	0.03153	0.00417	0.00404	0.15009	-0.19771	0.00326	0.32640	-0.18574	0.00341	0.37977	-0.24540	0.00681	0.32512	-0.21372	0.00404	0.21622	-0.18445	-0.00174	0.47481	-0.24289	0.00984	0.45255	-0.17161	0.00504	0.39734	-0.23863	-0.00146
101	0.22384	0.14458	-0.21288	0.04485	0.00169	0.00490	0.39239	0.06152	-0.21018	0.04281	0.00525	0.00623	0.12536	-0.20791	0.00258	0.35517	-0.19067	0.00267	0.38982	-0.26001	0.00609	0.36326	-0.23989	0.00470	0.15633	-0.17073	-0.00360	0.49145	-0.26272	0.00983	0.41178	-0.15294	0.01247	0.34026	-0.20469	-0.00344
