	Mean	Std Dev	Mean	Std Dev	Mean	Std Dev	Mean	Std Dev	Mean	Std Dev	Mean	Std Dev	2014_06_24_PC020_BAREFOOT_GAIT0004_1.c3d	2014_06_24_PC020_BAREFOOT_GAIT0004_1.c3d	2014_06_24_PC020_BAREFOOT_GAIT0004_1.c3d	2014_06_24_PC020_BAREFOOT_GAIT0004_1.c3d	2014_06_24_PC020_BAREFOOT_GAIT0004_1.c3d	2014_06_24_PC020_BAREFOOT_GAIT0004_1.c3d	2014_06_24_PC020_BAREFOOT_GAIT0004_3.c3d	2014_06_24_PC020_BAREFOOT_GAIT0004_3.c3d	2014_06_24_PC020_BAREFOOT_GAIT0004_3.c3d	2014_06_24_PC020_BAREFOOT_GAIT0004_3.c3d	2014_06_24_PC020_BAREFOOT_GAIT0004_3.c3d	2014_06_24_PC020_BAREFOOT_GAIT0004_3.c3d	2014_06_24_PC020_BAREFOOT_GAIT0005_2.c3d	2014_06_24_PC020_BAREFOOT_GAIT0005_2.c3d	2014_06_24_PC020_BAREFOOT_GAIT0005_2.c3d	2014_06_24_PC020_BAREFOOT_GAIT0005_3.c3d	2014_06_24_PC020_BAREFOOT_GAIT0005_3.c3d	2014_06_24_PC020_BAREFOOT_GAIT0005_3.c3d	2014_06_24_PC020_BAREFOOT_GAIT0005_3.c3d	2014_06_24_PC020_BAREFOOT_GAIT0005_3.c3d	2014_06_24_PC020_BAREFOOT_GAIT0005_3.c3d	2014_06_24_PC020_BAREFOOT_GAIT0005_4.c3d	2014_06_24_PC020_BAREFOOT_GAIT0005_4.c3d	2014_06_24_PC020_BAREFOOT_GAIT0005_4.c3d
	LHIP_MF_N	LHIP_MF_N	LKNEE_MF_N	LKNEE_MF_N	LANKLE_MF_N	LANKLE_MF_N	RHIP_MF_N	RHIP_MF_N	RKNEE_MF_N	RKNEE_MF_N	RANKLE_MF_N	RANKLE_MF_N	LHIP_MF_N	LKNEE_MF_N	LANKLE_MF_N	RHIP_MF_N	RKNEE_MF_N	RANKLE_MF_N	LHIP_MF_N	LKNEE_MF_N	LANKLE_MF_N	RHIP_MF_N	RKNEE_MF_N	RANKLE_MF_N	RHIP_MF_N	RKNEE_MF_N	RANKLE_MF_N	LHIP_MF_N	LKNEE_MF_N	LANKLE_MF_N	RHIP_MF_N	RKNEE_MF_N	RANKLE_MF_N	RHIP_MF_N	RKNEE_MF_N	RANKLE_MF_N
	LINK_MODEL_BASED	LINK_MODEL_BASED	LINK_MODEL_BASED	LINK_MODEL_BASED	LINK_MODEL_BASED	LINK_MODEL_BASED	LINK_MODEL_BASED	LINK_MODEL_BASED	LINK_MODEL_BASED	LINK_MODEL_BASED	LINK_MODEL_BASED	LINK_MODEL_BASED	LINK_MODEL_BASED	LINK_MODEL_BASED	LINK_MODEL_BASED	LINK_MODEL_BASED	LINK_MODEL_BASED	LINK_MODEL_BASED	LINK_MODEL_BASED	LINK_MODEL_BASED	LINK_MODEL_BASED	LINK_MODEL_BASED	LINK_MODEL_BASED	LINK_MODEL_BASED	LINK_MODEL_BASED	LINK_MODEL_BASED	LINK_MODEL_BASED	LINK_MODEL_BASED	LINK_MODEL_BASED	LINK_MODEL_BASED	LINK_MODEL_BASED	LINK_MODEL_BASED	LINK_MODEL_BASED	LINK_MODEL_BASED	LINK_MODEL_BASED	LINK_MODEL_BASED
	ORIGINAL	ORIGINAL	ORIGINAL	ORIGINAL	ORIGINAL	ORIGINAL	ORIGINAL	ORIGINAL	ORIGINAL	ORIGINAL	ORIGINAL	ORIGINAL	ORIGINAL	ORIGINAL	ORIGINAL	ORIGINAL	ORIGINAL	ORIGINAL	ORIGINAL	ORIGINAL	ORIGINAL	ORIGINAL	ORIGINAL	ORIGINAL	ORIGINAL	ORIGINAL	ORIGINAL	ORIGINAL	ORIGINAL	ORIGINAL	ORIGINAL	ORIGINAL	ORIGINAL	ORIGINAL	ORIGINAL	ORIGINAL
ITEM	X	X	X	X	X	X	X	X	X	X	X	X	X	X	X	X	X	X	X	X	X	X	X	X	X	X	X	X	X	X	X	X	X	X	X	X
1	0.64808	0.03058	-0.35015	0.01617	0.08350	0.01016	0.63327	0.11668	-0.35469	0.03890	0.07033	0.01568	0.68276	-0.33200	0.08756	0.80895	-0.39885	0.07395	0.62500	-0.35541	0.09100	0.62043	-0.36500	0.05084	0.48167	-0.29175	0.06942	0.63648	-0.36303	0.07195	0.64140	-0.35951	0.09371	0.61392	-0.35836	0.06374
2	0.66116	0.03938	-0.32398	0.01224	0.13794	0.01128	0.63422	0.12397	-0.32349	0.04271	0.12290	0.01954	0.70633	-0.31004	0.14416	0.81786	-0.37590	0.12129	0.63402	-0.32893	0.14473	0.63584	-0.33696	0.10155	0.46993	-0.25748	0.12714	0.64313	-0.33297	0.12492	0.64012	-0.32580	0.15318	0.60735	-0.32132	0.11136
3	0.65556	0.04766	-0.28081	0.00708	0.21304	0.01332	0.63166	0.12448	-0.28277	0.04468	0.20116	0.02619	0.70977	-0.27271	0.21968	0.81233	-0.34197	0.19069	0.62025	-0.28582	0.22173	0.64010	-0.29485	0.17821	0.46600	-0.21899	0.21065	0.63667	-0.28390	0.19771	0.64773	-0.28997	0.24254	0.59212	-0.26809	0.18370
4	0.63992	0.05328	-0.22697	0.00650	0.30825	0.01549	0.62449	0.12100	-0.23612	0.04626	0.30688	0.03341	0.69801	-0.22450	0.31461	0.79861	-0.30081	0.28644	0.59332	-0.23434	0.31955	0.63429	-0.24566	0.28512	0.46563	-0.17948	0.31887	0.62842	-0.22207	0.29059	0.64800	-0.24876	0.36055	0.57590	-0.20587	0.28344
5	0.62121	0.05536	-0.16742	0.01490	0.42496	0.01773	0.61281	0.11802	-0.18477	0.05074	0.44047	0.03912	0.67473	-0.16888	0.43036	0.78209	-0.25515	0.41257	0.56418	-0.18153	0.43936	0.62307	-0.19573	0.42372	0.46097	-0.13432	0.44897	0.62473	-0.15184	0.40515	0.64089	-0.20251	0.50511	0.55705	-0.13613	0.41196
6	0.61061	0.05617	-0.10809	0.02604	0.55719	0.01854	0.60047	0.11787	-0.12965	0.05989	0.59278	0.04062	0.65051	-0.11179	0.56224	0.76854	-0.20745	0.56436	0.54638	-0.13208	0.57269	0.61414	-0.14946	0.58598	0.45341	-0.08245	0.59046	0.63495	-0.08040	0.53665	0.63269	-0.15136	0.66174	0.53357	-0.05752	0.56137
7	0.61540	0.05691	-0.05211	0.03875	0.69599	0.01614	0.60010	0.11885	-0.07303	0.07399	0.74986	0.03864	0.63704	-0.05888	0.70204	0.76684	-0.16216	0.72945	0.55085	-0.08703	0.70823	0.61903	-0.10759	0.75599	0.45836	-0.02636	0.73167	0.65832	-0.01042	0.67770	0.63848	-0.09622	0.81436	0.51779	0.02719	0.71783
8	0.63228	0.05414	0.00330	0.05266	0.83198	0.01057	0.61932	0.12013	-0.01431	0.09173	0.89815	0.03697	0.63709	-0.01164	0.83990	0.78314	-0.12039	0.89389	0.57589	-0.04027	0.83606	0.64448	-0.06558	0.91559	0.48389	0.03338	0.86287	0.68385	0.06182	0.81997	0.66495	-0.03529	0.95196	0.52015	0.11632	0.86644
9	0.65861	0.04310	0.05897	0.06717	0.95833	0.00836	0.66001	0.12385	0.04750	0.11085	1.02914	0.03931	0.65498	0.02949	0.96757	0.82068	-0.07868	1.04899	0.61744	0.01158	0.95129	0.69486	-0.01911	1.05121	0.52746	0.09526	0.97825	0.70341	0.13584	0.95613	0.71448	0.03059	1.07016	0.54258	0.20945	0.99707
10	0.69404	0.02808	0.11017	0.08051	1.07090	0.01575	0.71722	0.12887	0.11235	0.12927	1.13926	0.04701	0.69430	0.06285	1.07974	0.87368	-0.03315	1.18962	0.66582	0.06453	1.05271	0.76910	0.03263	1.15719	0.58480	0.15568	1.07594	0.72198	0.20313	1.08023	0.77633	0.10109	1.16810	0.58222	0.30551	1.10545
11	0.73487	0.02051	0.15020	0.09039	1.16742	0.02422	0.77650	0.13018	0.17693	0.14631	1.22802	0.05879	0.74872	0.08775	1.17369	0.92664	0.01559	1.31173	0.71131	0.10900	1.14068	0.85188	0.08574	1.23432	0.65017	0.20954	1.15676	0.74459	0.25384	1.18788	0.82355	0.17282	1.24625	0.63025	0.40097	1.19105
12	0.77135	0.02954	0.17403	0.09618	1.24690	0.03031	0.81699	0.12688	0.23282	0.16182	1.29635	0.07197	0.80429	0.10254	1.24847	0.95656	0.06057	1.41196	0.74722	0.13616	1.21584	0.91956	0.13097	1.28676	0.70752	0.24936	1.22228	0.76254	0.28338	1.27641	0.83314	0.23658	1.30552	0.66817	0.48663	1.25522
13	0.79435	0.04331	0.17994	0.09870	1.30902	0.03326	0.82467	0.12550	0.27086	0.17515	1.34550	0.08405	0.84412	0.10531	1.30398	0.95009	0.09305	1.48797	0.77374	0.14266	1.27857	0.95435	0.15935	1.31942	0.73757	0.26865	1.27363	0.76521	0.29185	1.34451	0.80684	0.28215	1.34690	0.67450	0.55110	1.29959
14	0.80228	0.05483	0.16942	0.09939	1.35376	0.03341	0.80050	0.12916	0.28675	0.18515	1.37666	0.09333	0.86079	0.09547	1.34075	0.91254	0.10752	1.53881	0.79398	0.13039	1.32881	0.95338	0.16754	1.33646	0.73436	0.26676	1.31123	0.75207	0.28240	1.39171	0.75885	0.30509	1.37137	0.64336	0.58684	1.32545
15	0.79704	0.06749	0.14614	0.09969	1.38161	0.03198	0.75447	0.13492	0.28219	0.19110	1.39099	0.09905	0.86088	0.07430	1.36001	0.85668	0.10377	1.56491	0.80383	0.10417	1.36646	0.92354	0.15820	1.34076	0.70738	0.24779	1.33530	0.72641	0.25996	1.41835	0.69911	0.30748	1.38001	0.58566	0.59372	1.33396
16	0.77876	0.08372	0.11465	0.10067	1.39370	0.03099	0.69794	0.13916	0.26193	0.19299	1.38985	0.10116	0.85321	0.04478	1.36379	0.79263	0.08565	1.56789	0.79495	0.06914	1.39164	0.87456	0.13654	1.33416	0.67057	0.21676	1.34649	0.68813	0.23004	1.42567	0.63426	0.29397	1.37418	0.51768	0.57675	1.32653
17	0.74839	0.10144	0.07903	0.10260	1.39177	0.03241	0.63953	0.14038	0.23142	0.19121	1.37489	0.10013	0.84048	0.01086	1.35487	0.72557	0.05905	1.55024	0.76502	0.02919	1.40479	0.81687	0.10717	1.31771	0.63356	0.17859	1.34582	0.63967	0.19703	1.41564	0.56921	0.26968	1.35559	0.45246	0.54261	1.30512
18	0.71316	0.11512	0.04267	0.10501	1.37778	0.03685	0.58281	0.13904	0.19594	0.18641	1.34797	0.09680	0.82140	-0.02287	1.33622	0.65825	0.02972	1.51510	0.72587	-0.01291	1.40646	0.75639	0.07387	1.29213	0.59831	0.13817	1.33448	0.59221	0.16379	1.39066	0.50653	0.24001	1.32613	0.39454	0.49791	1.27202
19	0.68275	0.11915	0.00873	0.10718	1.35368	0.04337	0.52836	0.13702	0.16015	0.17936	1.31102	0.09216	0.79574	-0.05210	1.31045	0.59388	0.00198	1.46594	0.69424	-0.05419	1.39719	0.69625	0.04017	1.25828	0.56267	0.10008	1.31356	0.55827	0.13249	1.35339	0.44738	0.20999	1.28784	0.34160	0.44855	1.22948
20	0.65790	0.11527	-0.01985	0.10853	1.32128	0.05061	0.47692	0.13587	0.12780	0.17096	1.26606	0.08716	0.76407	-0.07350	1.27952	0.53537	-0.02141	1.40636	0.67435	-0.09110	1.37757	0.63976	0.00940	1.21752	0.52496	0.06822	1.28403	0.53528	0.10506	1.30675	0.39390	0.18292	1.24284	0.29062	0.39989	1.17956
21	0.63074	0.11136	-0.04077	0.10878	1.28233	0.05735	0.42974	0.13592	0.10117	0.16214	1.21528	0.08247	0.72566	-0.08509	1.24489	0.48269	-0.03911	1.33989	0.65840	-0.12039	1.34835	0.59013	-0.01596	1.17183	0.48632	0.04458	1.24710	0.50816	0.08318	1.25375	0.34835	0.16005	1.19337	0.24122	0.35629	1.12422
22	0.59550	0.10935	-0.05286	0.10779	1.23865	0.06281	0.38736	0.13584	0.08069	0.15334	1.16110	0.07843	0.67798	-0.08591	1.20763	0.43339	-0.05086	1.26990	0.63706	-0.14025	1.31093	0.54744	-0.03512	1.12373	0.44869	0.02878	1.20452	0.47146	0.06758	1.19737	0.31083	0.14123	1.14171	0.19645	0.31940	1.06566
23	0.55233	0.10462	-0.05612	0.10577	1.19225	0.06669	0.34870	0.13398	0.06564	0.14466	1.10610	0.07514	0.62045	-0.07612	1.16871	0.38556	-0.05741	1.19948	0.60467	-0.15046	1.26752	0.50876	-0.04871	1.07601	0.41151	0.01978	1.15857	0.43187	0.05822	1.14051	0.27867	0.12585	1.09007	0.15902	0.28870	1.00636
24	0.50377	0.09658	-0.05163	0.10341	1.14523	0.06900	0.31108	0.13029	0.05552	0.13626	1.05276	0.07266	0.55802	-0.05736	1.12912	0.33759	-0.05960	1.13142	0.56103	-0.15205	1.22086	0.47049	-0.05705	1.03146	0.37252	0.01699	1.11184	0.39226	0.05453	1.08572	0.24828	0.11304	1.04043	0.12650	0.26421	0.94867
25	0.45102	0.08763	-0.04091	0.10124	1.09963	0.06985	0.27166	0.12569	0.05015	0.12806	1.00328	0.07115	0.49553	-0.03174	1.08998	0.28862	-0.05776	1.06803	0.50746	-0.14643	1.17381	0.42916	-0.05945	0.99250	0.33031	0.01980	1.06683	0.35007	0.05543	1.03510	0.21625	0.10231	0.99449	0.09394	0.24585	0.89455
26	0.39570	0.07936	-0.02549	0.09932	1.05722	0.06937	0.22981	0.12046	0.04909	0.11966	0.95938	0.07077	0.43379	-0.00122	1.05254	0.23954	-0.05204	1.01112	0.44883	-0.13470	1.12881	0.38248	-0.05538	0.96089	0.28609	0.02683	1.02562	0.30448	0.05945	0.99032	0.18200	0.09350	0.95362	0.05897	0.23256	0.84565
27	0.34082	0.07345	-0.00701	0.09744	1.01939	0.06773	0.18613	0.11416	0.05180	0.11092	0.92233	0.07163	0.37319	0.03168	1.01790	0.19146	-0.04290	0.96197	0.39252	-0.11786	1.08786	0.32946	-0.04500	0.93759	0.24081	0.03699	0.98982	0.25674	0.06513	0.95242	0.14728	0.08649	0.91892	0.02162	0.22341	0.80336
28	0.28766	0.06765	0.01282	0.09539	0.98710	0.06527	0.14172	0.10678	0.05774	0.10233	0.89301	0.07368	0.31496	0.06412	0.98698	0.14521	-0.03146	0.92162	0.33740	-0.09725	1.05243	0.27172	-0.02942	0.92286	0.19478	0.04989	0.96052	0.21063	0.07158	0.92189	0.11357	0.08165	0.89128	-0.01668	0.21806	0.76875
29	0.23690	0.05840	0.03276	0.09296	0.96088	0.06237	0.09771	0.09880	0.06660	0.09485	0.87197	0.07665	0.25859	0.09388	0.96044	0.10244	-0.01918	0.89099	0.28135	-0.07422	1.02347	0.21189	-0.00993	0.91650	0.14840	0.06543	0.93839	0.17076	0.07861	0.89874	0.08012	0.07977	0.87139	-0.05431	0.21692	0.74257
30	0.18918	0.04675	0.05243	0.08961	0.94095	0.05939	0.05509	0.09057	0.07827	0.08895	0.85951	0.08015	0.20275	0.11989	0.93872	0.06343	-0.00644	0.87082	0.22764	-0.04924	1.00143	0.15310	0.01266	0.91802	0.10202	0.08365	0.92375	0.13714	0.08664	0.88271	0.04623	0.08133	0.85972	-0.08933	0.22016	0.72527
31	0.14428	0.03543	0.07219	0.08470	0.92730	0.05664	0.01494	0.08233	0.09270	0.08428	0.85568	0.08370	0.14744	0.14221	0.92211	0.02733	0.00758	0.86155	0.17802	-0.02196	0.98636	0.09783	0.03809	0.92676	0.05725	0.10417	0.91662	0.10738	0.09633	0.87343	0.01261	0.08672	0.85644	-0.12032	0.22694	0.71704
32	0.10227	0.02721	0.09275	0.07831	0.91975	0.05442	-0.02207	0.07498	0.11044	0.08048	0.86014	0.08685	0.09325	0.16209	0.91082	-0.00528	0.02401	0.86303	0.13284	0.00782	0.97808	0.04756	0.06672	0.94190	0.01584	0.12702	0.91674	0.08071	0.10835	0.87035	-0.02027	0.09722	0.86129	-0.14823	0.23725	0.71775
33	0.06339	0.02750	0.11501	0.07113	0.91797	0.05296	-0.05588	0.06973	0.13279	0.07773	0.87208	0.08934	0.04065	0.18137	0.90480	-0.03455	0.04439	0.87438	0.09395	0.03991	0.97628	0.00419	0.09920	0.96224	-0.02175	0.15270	0.92354	0.05556	0.12376	0.87283	-0.05220	0.11446	0.87358	-0.17507	0.25318	0.72667
34	0.02733	0.03648	0.13998	0.06386	0.92156	0.05252	-0.08669	0.06602	0.16156	0.07636	0.89017	0.09109	-0.00996	0.20181	0.90383	-0.06282	0.07085	0.89407	0.06294	0.07426	0.98065	-0.03228	0.13715	0.98615	-0.05533	0.18186	0.93613	0.02900	0.14385	0.88019	-0.08274	0.13971	0.89215	-0.20030	0.27823	0.74236
35	-0.00663	0.04890	0.16867	0.05711	0.92999	0.05327	-0.11364	0.06045	0.19865	0.07614	0.91274	0.09203	-0.05886	0.22523	0.90741	-0.09094	0.10535	0.92005	0.03806	0.11103	0.99083	-0.06334	0.18302	1.01172	-0.08512	0.21641	0.95335	0.00092	0.16975	0.89173	-0.11148	0.17434	0.91542	-0.21733	0.31411	0.76318
36	-0.03902	0.06258	0.20207	0.05168	0.94261	0.05534	-0.13452	0.05006	0.24525	0.07609	0.93816	0.09195	-0.10645	0.25357	0.91483	-0.11712	0.14939	0.95021	0.01720	0.15021	1.00634	-0.08983	0.23846	1.03713	-0.10824	0.25810	0.97395	-0.02782	0.20243	0.90665	-0.13915	0.22040	0.94164	-0.21825	0.35988	0.78788
37	-0.07295	0.07374	0.24145	0.04765	0.95859	0.05875	-0.14942	0.03880	0.30240	0.07628	0.96504	0.09049	-0.15213	0.28822	0.92531	-0.14036	0.20417	0.98260	-0.00624	0.19297	1.02642	-0.11256	0.30397	1.06078	-0.11962	0.30712	0.99682	-0.06049	0.24317	0.92405	-0.16695	0.27991	0.96913	-0.20761	0.41683	0.81586
38	-0.11366	0.07630	0.28801	0.04434	0.97711	0.06336	-0.16435	0.03983	0.37178	0.07945	0.99244	0.08724	-0.19551	0.32972	0.93812	-0.16142	0.27013	1.01558	-0.04450	0.24145	1.05022	-0.13205	0.37887	1.08162	-0.11987	0.36419	1.02129	-0.10097	0.29287	0.94299	-0.19580	0.35361	0.99656	-0.21260	0.49211	0.84715
39	-0.16230	0.06997	0.34176	0.04176	0.99732	0.06897	-0.18728	0.05405	0.45379	0.08724	1.01973	0.08200	-0.23832	0.37808	0.95261	-0.18120	0.34642	1.04767	-0.10059	0.29613	1.07675	-0.14787	0.46073	1.09919	-0.12507	0.43252	1.04700	-0.14799	0.35107	0.96260	-0.22654	0.44045	1.02305	-0.25573	0.58884	0.88173
40	-0.21696	0.06106	0.40203	0.04068	1.01843	0.07525	-0.21991	0.07101	0.54526	0.09661	1.04634	0.07500	-0.28514	0.43339	0.96818	-0.20117	0.43109	1.07767	-0.16733	0.35607	1.10495	-0.16101	0.54573	1.11354	-0.15549	0.51424	1.07357	-0.19841	0.41662	0.98218	-0.25845	0.53742	1.04810	-0.32343	0.69783	0.91883
41	-0.27739	0.05403	0.46805	0.04127	1.03969	0.08179	-0.25830	0.08693	0.64053	0.10480	1.07154	0.06688	-0.33932	0.49500	0.98416	-0.22427	0.52120	1.10461	-0.23993	0.42053	1.13361	-0.17580	0.62951	1.12495	-0.20593	0.60330	1.09997	-0.25291	0.48861	1.00130	-0.29147	0.64022	1.07126	-0.39401	0.80842	0.95691
42	-0.34362	0.04896	0.53830	0.04339	1.06026	0.08808	-0.30002	0.10141	0.73409	0.11234	1.09433	0.05832	-0.40016	0.56074	0.99981	-0.25322	0.61262	1.12760	-0.31561	0.48829	1.16133	-0.19803	0.70755	1.13355	-0.25977	0.69048	1.12455	-0.31510	0.56587	1.01965	-0.32726	0.74399	1.09180	-0.46182	0.91582	0.99413
43	-0.41490	0.04559	0.61067	0.04689	1.07919	0.09367	-0.34558	0.11236	0.82146	0.12026	1.11339	0.04992	-0.46749	0.62808	1.01413	-0.28902	0.70068	1.14574	-0.39070	0.55756	1.18655	-0.23175	0.77582	1.13902	-0.31302	0.77059	1.14525	-0.38650	0.64636	1.03688	-0.36742	0.84355	1.10854	-0.52671	1.01665	1.02838
44	-0.49024	0.04497	0.68292	0.05144	1.09535	0.09823	-0.39583	0.11930	0.89957	0.12925	1.12700	0.04224	-0.54215	0.69491	1.02596	-0.33217	0.78130	1.15793	-0.46321	0.62653	1.20775	-0.27772	0.83199	1.14037	-0.36644	0.84141	1.15969	-0.46536	0.72730	1.05233	-0.41257	0.93465	1.11986	-0.59022	1.10851	1.05713
45	-0.56832	0.04716	0.75286	0.05612	1.10746	0.10162	-0.45098	0.12266	0.96724	0.13973	1.13315	0.03570	-0.62222	0.75944	1.03404	-0.38261	0.85168	1.16292	-0.53462	0.69374	1.22344	-0.33390	0.87594	1.13607	-0.42214	0.90288	1.16532	-0.54813	0.80539	1.06490	-0.46321	1.01485	1.12382	-0.65302	1.19083	1.07764
46	-0.64579	0.05041	0.81829	0.05970	1.11421	0.10385	-0.50972	0.12316	1.02458	0.15142	1.12987	0.03057	-0.70226	0.81974	1.03709	-0.43908	0.91054	1.15939	-0.60531	0.75788	1.23230	-0.39643	0.90915	1.12445	-0.48094	0.95634	1.15978	-0.62981	0.87726	1.07324	-0.51762	1.08288	1.11841	-0.71455	1.26401	1.08731
47	-0.71729	0.05338	0.87702	0.06152	1.11450	0.10512	-0.56857	0.12154	1.07188	0.16332	1.11550	0.02693	-0.77592	0.87371	1.03396	-0.49927	0.95792	1.14607	-0.67150	0.81723	1.23341	-0.46090	0.93359	1.10395	-0.53941	1.00275	1.14139	-0.70446	0.94013	1.07613	-0.57015	1.13730	1.10182	-0.77311	1.32786	1.08426
48	-0.77829	0.05557	0.92696	0.06163	1.10763	0.10556	-0.62253	0.11819	1.10869	0.17419	1.08913	0.02478	-0.83883	0.91931	1.02385	-0.55838	0.99358	1.12201	-0.72961	0.86951	1.22619	-0.52286	0.95053	1.07345	-0.59204	1.04179	1.10944	-0.76643	0.99207	1.07284	-0.61476	1.17690	1.07284	-0.82460	1.38067	1.06791
49	-0.82740	0.05576	0.96613	0.06040	1.09329	0.10534	-0.66676	0.11246	1.13370	0.18275	1.05079	0.02415	-0.88908	0.95468	1.00636	-0.61019	1.01650	1.08667	-0.78058	0.91227	1.21043	-0.57856	0.96040	1.03236	-0.63347	1.07159	1.06445	-0.81254	1.03143	1.06308	-0.64938	1.20092	1.03109	-0.86222	1.41908	1.03935
50	-0.86471	0.05315	0.99231	0.05796	1.07153	0.10460	-0.69769	0.10463	1.14511	0.18802	1.00149	0.02526	-0.92523	0.97812	0.98143	-0.65065	1.02583	1.04006	-0.82561	0.94277	1.18625	-0.62241	0.96248	0.98079	-0.66040	1.08943	1.00789	-0.84329	1.05605	1.04691	-0.67314	1.20819	0.97710	-0.88186	1.43963	1.00161
51	-0.88922	0.04997	1.00329	0.05436	1.04257	0.10352	-0.71335	0.09503	1.14105	0.18894	0.94315	0.02899	-0.94690	0.98826	0.94932	-0.67844	1.02106	0.98269	-0.86146	0.95803	1.15397	-0.64927	0.95573	0.91936	-0.67219	1.09258	0.94178	-0.85929	1.06358	1.02442	-0.68522	1.19727	0.91223	-0.88161	1.43861	0.95973
52	-0.90044	0.04909	0.99755	0.04991	1.00657	0.10228	-0.71410	0.08380	1.11974	0.18416	0.87836	0.03788	-0.95575	0.98429	0.91035	-0.69319	1.00189	0.91552	-0.88354	0.95561	1.11398	-0.65758	0.93903	0.84908	-0.67139	1.07902	0.86805	-0.86203	1.05274	0.99538	-0.68636	1.16711	0.83839	-0.86197	1.41166	0.92075
53	-0.90002	0.05043	0.97493	0.04501	0.96342	0.10100	-0.70204	0.06981	1.07994	0.17230	0.81012	0.05590	-0.95462	0.96594	0.86464	-0.69544	0.96829	0.83985	-0.89028	0.93509	1.06651	-0.65012	0.91151	0.77137	-0.66275	1.04783	0.78846	-0.85517	1.02375	0.95911	-0.67873	1.11740	0.75773	-0.82316	1.35467	0.89318
54	-0.89009	0.05229	0.93656	0.04022	0.91270	0.09972	-0.68083	0.05263	1.02170	0.15285	0.74139	0.08632	-0.94610	0.93352	0.81208	-0.68778	0.92085	0.75732	-0.88161	0.89793	1.01149	-0.63241	0.87285	0.68801	-0.65175	0.99969	0.70441	-0.84256	0.97821	0.91454	-0.66436	1.04865	0.67237	-0.76784	1.26647	0.88482
55	-0.87316	0.05372	0.88453	0.03661	0.85371	0.09831	-0.65512	0.03422	0.94687	0.12678	0.67424	0.12958	-0.93269	0.88811	0.75226	-0.67456	0.86077	0.66974	-0.85853	0.84626	0.94854	-0.61113	0.82360	0.60114	-0.64320	0.93678	0.61712	-0.82827	0.91922	0.86033	-0.64539	0.96304	0.58434	-0.70133	1.15014	0.89886
56	-0.85162	0.05593	0.82160	0.03524	0.78575	0.09659	-0.62892	0.02510	0.85908	0.09710	0.60874	0.18123	-0.91602	0.83169	0.68472	-0.65968	0.78988	0.57904	-0.82362	0.78242	0.87719	-0.59102	0.76477	0.51304	-0.63881	0.86244	0.52779	-0.81521	0.85069	0.79534	-0.62323	0.86437	0.49570	-0.63184	1.01396	0.92812
57	-0.82727	0.06124	0.75088	0.03604	0.70846	0.09438	-0.60594	0.03442	0.76402	0.06987	0.54153	0.22891	-0.89696	0.76688	0.60923	-0.64524	0.71065	0.48736	-0.78199	0.70961	0.79709	-0.57369	0.69758	0.42603	-0.63788	0.78069	0.43789	-0.80287	0.77614	0.71905	-0.60015	0.75784	0.40872	-0.57276	0.87333	0.94767
58	-0.80084	0.06982	0.67547	0.03773	0.62223	0.09146	-0.58956	0.04380	0.66880	0.05314	0.46547	0.25125	-0.87631	0.69624	0.52630	-0.63245	0.62646	0.39723	-0.73856	0.63191	0.70844	-0.55905	0.62415	0.34226	-0.63759	0.69491	0.34956	-0.78766	0.69825	0.63195	-0.57897	0.64934	0.32590	-0.53972	0.74912	0.91240
59	-0.77177	0.07951	0.59850	0.03898	0.52878	0.08761	-0.57985	0.04530	0.57875	0.04976	0.37778	0.23635	-0.85395	0.62245	0.43776	-0.62088	0.54143	0.31146	-0.69524	0.55351	0.61253	-0.54572	0.54750	0.26360	-0.63573	0.60851	0.26556	-0.76611	0.61953	0.53603	-0.55996	0.54386	0.24975	-0.53693	0.65247	0.79852
60	-0.73860	0.08751	0.52296	0.03890	0.43135	0.08270	-0.57181	0.04412	0.49475	0.05466	0.28569	0.19511	-0.82690	0.54838	0.34686	-0.60792	0.45856	0.23272	-0.65191	0.47818	0.51214	-0.53110	0.47039	0.19167	-0.62965	0.52425	0.18864	-0.73699	0.54233	0.43505	-0.53963	0.44434	0.18251	-0.55076	0.57621	0.63290
61	-0.69938	0.09260	0.45107	0.03731	0.33440	0.07670	-0.56047	0.04557	0.41605	0.06161	0.19889	0.14467	-0.79134	0.47634	0.25788	-0.59056	0.37932	0.16337	-0.60615	0.40822	0.41128	-0.51338	0.39547	0.12803	-0.61677	0.44334	0.12127	-0.70064	0.46866	0.33402	-0.51591	0.35292	0.12584	-0.56576	0.50921	0.45594
62	-0.65395	0.09630	0.38420	0.03503	0.24284	0.06953	-0.54523	0.04983	0.34321	0.06655	0.12451	0.09765	-0.74811	0.40848	0.17566	-0.57055	0.30666	0.10555	-0.55564	0.34404	0.31451	-0.49296	0.32555	0.07423	-0.59788	0.36776	0.06518	-0.65811	0.40008	0.23835	-0.49081	0.27137	0.08048	-0.57396	0.44472	0.29712
63	-0.60623	0.09917	0.32282	0.03288	0.16146	0.06117	-0.52801	0.05246	0.27754	0.06817	0.06597	0.06045	-0.70215	0.34579	0.10485	-0.54316	0.23785	0.05999	-0.50410	0.28516	0.22634	-0.47473	0.26479	0.03140	-0.57742	0.30124	0.02105	-0.61243	0.33751	0.15318	-0.47024	0.20281	0.04661	-0.57452	0.38100	0.17081
64	-0.56240	0.10138	0.26733	0.03189	0.09410	0.05176	-0.51182	0.05677	0.22103	0.06440	0.02470	0.03477	-0.65995	0.28950	0.04899	-0.54187	0.19782	0.02970	-0.45758	0.23078	0.15061	-0.45323	0.20879	0.00089	-0.54711	0.23786	-0.00979	-0.56968	0.28171	0.08271	-0.44809	0.14247	0.02275	-0.56881	0.31821	0.07993
65	-0.52306	0.09691	0.21565	0.02939	0.04349	0.04190	-0.48803	0.07011	0.16892	0.07918	-0.00520	0.02212	-0.61638	0.23527	0.01005	-0.40525	0.07160	-0.00005	-0.42291	0.18186	0.09050	-0.47258	0.19151	-0.02129	-0.55777	0.21664	-0.03390	-0.52991	0.22983	0.02993	-0.44184	0.10351	0.00899	-0.56270	0.26133	0.02023
66	-0.50035	0.09446	0.17687	0.03335	0.00888	0.03328	-0.33566	0.11759	0.03455	0.09767	-0.01475	0.00227	-0.58678	0.19462	-0.01359	-0.29000	-0.02085	-0.01665	-0.39952	0.13839	0.04711	-0.26861	0.01505	-0.01448	-0.31068	0.01368	-0.01729	-0.51474	0.19759	-0.00687	-0.26553	-0.03939	-0.01174	-0.54348	0.20427	-0.01360
67	-0.39047	0.02920	0.08425	0.01093	-0.00665	0.01876	-0.34793	0.11688	0.03263	0.08131	-0.01627	0.00913	-0.42125	0.07172	-0.01735	-0.34405	0.02021	-0.01429	-0.36316	0.08917	0.01500	-0.26130	-0.00270	-0.01172	-0.27203	-0.01677	-0.01175	-0.38701	0.09185	-0.01761	-0.31382	-0.01337	-0.01113	-0.54843	0.17576	-0.03246
68	-0.34136	0.07215	0.04212	0.02382	-0.01631	0.00116	-0.31688	0.03026	0.00686	0.02581	-0.01238	0.00166	-0.42068	0.06754	-0.01652	-0.35847	0.03486	-0.01481	-0.27962	0.02032	-0.01734	-0.31039	0.02664	-0.01243	-0.29975	0.00615	-0.01244	-0.32379	0.03849	-0.01506	-0.33471	-0.00284	-0.01212	-0.28111	-0.03049	-0.01012
69	-0.36088	0.04139	0.04829	0.00965	-0.01421	0.00125	-0.33917	0.02164	0.02308	0.02225	-0.01255	0.00078	-0.40818	0.05845	-0.01513	-0.36734	0.04821	-0.01391	-0.33129	0.03924	-0.01279	-0.33862	0.04378	-0.01244	-0.31282	0.01743	-0.01222	-0.34316	0.04719	-0.01470	-0.35238	0.00937	-0.01207	-0.32469	-0.00340	-0.01209
70	-0.35528	0.02877	0.04248	0.00324	-0.01327	0.00030	-0.34236	0.01917	0.02733	0.01984	-0.01196	0.00049	-0.38798	0.04617	-0.01354	-0.35889	0.05041	-0.01273	-0.34398	0.04014	-0.01295	-0.34673	0.04717	-0.01196	-0.31050	0.01621	-0.01137	-0.33387	0.04112	-0.01331	-0.35503	0.01440	-0.01183	-0.34067	0.00845	-0.01191
71	-0.33900	0.02529	0.03449	0.00399	-0.01192	0.00010	-0.33593	0.02226	0.02573	0.01565	-0.01131	0.00079	-0.36142	0.03221	-0.01203	-0.33634	0.04292	-0.01133	-0.34400	0.03910	-0.01186	-0.34166	0.04013	-0.01136	-0.29840	0.00703	-0.01024	-0.31159	0.03217	-0.01185	-0.34675	0.01455	-0.01119	-0.35650	0.02404	-0.01245
72	-0.31488	0.02850	0.02548	0.00826	-0.01078	0.00020	-0.31990	0.02857	0.01785	0.01553	-0.01049	0.00125	-0.33025	0.01993	-0.01076	-0.30326	0.02790	-0.01003	-0.33241	0.03498	-0.01098	-0.32820	0.02627	-0.01077	-0.28184	-0.00615	-0.00895	-0.28200	0.02154	-0.01058	-0.32904	0.01061	-0.01029	-0.35715	0.03065	-0.01238
73	-0.28679	0.03086	0.01681	0.01127	-0.00986	0.00033	-0.29905	0.03639	0.00741	0.01821	-0.00967	0.00159	-0.29148	0.00895	-0.00977	-0.26599	0.00986	-0.00901	-0.31504	0.02973	-0.01023	-0.31118	0.01111	-0.01033	-0.26268	-0.01959	-0.00775	-0.25385	0.01176	-0.00960	-0.30435	0.00445	-0.00926	-0.35106	0.03124	-0.01200
74	-0.25501	0.03224	0.00828	0.01285	-0.00917	0.00039	-0.27508	0.04465	-0.00296	0.02052	-0.00894	0.00171	-0.24485	-0.00170	-0.00904	-0.23049	-0.00643	-0.00830	-0.29110	0.02278	-0.00960	-0.29257	-0.00142	-0.00999	-0.23776	-0.03137	-0.00686	-0.22908	0.00377	-0.00885	-0.27403	-0.00199	-0.00829	-0.34056	0.02640	-0.01128
75	-0.21903	0.03439	-0.00061	0.01281	-0.00863	0.00044	-0.24794	0.05136	-0.01179	0.02045	-0.00836	0.00164	-0.19620	-0.01168	-0.00853	-0.19880	-0.01838	-0.00784	-0.25858	0.01342	-0.00912	-0.27091	-0.01022	-0.00971	-0.20699	-0.03973	-0.00639	-0.20231	-0.00357	-0.00826	-0.23859	-0.00762	-0.00751	-0.32439	0.01700	-0.01037
76	-0.18120	0.03534	-0.00927	0.01119	-0.00822	0.00048	-0.21809	0.05506	-0.01858	0.01769	-0.00794	0.00142	-0.15266	-0.01938	-0.00814	-0.16960	-0.02603	-0.00753	-0.22072	0.00275	-0.00874	-0.24429	-0.01599	-0.00942	-0.17479	-0.04339	-0.00633	-0.17021	-0.01118	-0.00778	-0.20057	-0.01194	-0.00700	-0.30119	0.00444	-0.00944
77	-0.14645	0.03531	-0.01625	0.00863	-0.00788	0.00053	-0.18828	0.05513	-0.02304	0.01356	-0.00767	0.00113	-0.11619	-0.02361	-0.00783	-0.14229	-0.03073	-0.00732	-0.18524	-0.00675	-0.00843	-0.21451	-0.01941	-0.00909	-0.14688	-0.04236	-0.00658	-0.13792	-0.01838	-0.00737	-0.16513	-0.01430	-0.00674	-0.27257	-0.00842	-0.00862
78	-0.11897	0.03576	-0.02035	0.00584	-0.00759	0.00058	-0.16222	0.05151	-0.02498	0.00990	-0.00750	0.00085	-0.08612	-0.02378	-0.00757	-0.11946	-0.03344	-0.00713	-0.15706	-0.01361	-0.00818	-0.18652	-0.02063	-0.00871	-0.12737	-0.03745	-0.00699	-0.11373	-0.02367	-0.00702	-0.13618	-0.01464	-0.00664	-0.24160	-0.01876	-0.00802
79	-0.10057	0.03672	-0.02140	0.00458	-0.00732	0.00061	-0.14222	0.04545	-0.02463	0.00814	-0.00737	0.00064	-0.06421	-0.02015	-0.00731	-0.10272	-0.03443	-0.00691	-0.13763	-0.01757	-0.00793	-0.16500	-0.02003	-0.00829	-0.11682	-0.02982	-0.00739	-0.09986	-0.02647	-0.00671	-0.11506	-0.01365	-0.00664	-0.21151	-0.02522	-0.00764
80	-0.09033	0.03747	-0.02027	0.00671	-0.00704	0.00061	-0.12784	0.03829	-0.02276	0.00844	-0.00726	0.00057	-0.05214	-0.01450	-0.00703	-0.09109	-0.03379	-0.00664	-0.12704	-0.01868	-0.00765	-0.15014	-0.01870	-0.00785	-0.11301	-0.02118	-0.00768	-0.09180	-0.02763	-0.00643	-0.10144	-0.01201	-0.00667	-0.18352	-0.02812	-0.00744
81	-0.08441	0.03843	-0.01849	0.00960	-0.00673	0.00057	-0.11692	0.03121	-0.02062	0.00936	-0.00714	0.00059	-0.04584	-0.00942	-0.00672	-0.08295	-0.03234	-0.00635	-0.12269	-0.01751	-0.00731	-0.13734	-0.01847	-0.00744	-0.11216	-0.01383	-0.00783	-0.08469	-0.02855	-0.00617	-0.09341	-0.01032	-0.00672	-0.15873	-0.02815	-0.00737
82	-0.07711	0.03869	-0.01756	0.01176	-0.00644	0.00047	-0.10676	0.02539	-0.01950	0.00975	-0.00704	0.00064	-0.03925	-0.00657	-0.00645	-0.07655	-0.03124	-0.00612	-0.11658	-0.01613	-0.00691	-0.12167	-0.02081	-0.00707	-0.10777	-0.00995	-0.00782	-0.07551	-0.02997	-0.00597	-0.08802	-0.00929	-0.00680	-0.13978	-0.02624	-0.00740
83	-0.06514	0.03676	-0.01836	0.01254	-0.00621	0.00033	-0.09607	0.02178	-0.01992	0.00987	-0.00696	0.00065	-0.02910	-0.00657	-0.00625	-0.07083	-0.03106	-0.00601	-0.10258	-0.01697	-0.00651	-0.10019	-0.02604	-0.00674	-0.09737	-0.00978	-0.00765	-0.06374	-0.03153	-0.00586	-0.08312	-0.00931	-0.00695	-0.12884	-0.02342	-0.00746
84	-0.04860	0.03350	-0.02120	0.01158	-0.00606	0.00021	-0.08421	0.02319	-0.02185	0.01056	-0.00691	0.00062	-0.01468	-0.00969	-0.00615	-0.06484	-0.03176	-0.00607	-0.08165	-0.02106	-0.00622	-0.07277	-0.03361	-0.00646	-0.08232	-0.01261	-0.00736	-0.04948	-0.03286	-0.00582	-0.07705	-0.01081	-0.00712	-0.12408	-0.02045	-0.00753
85	-0.02834	0.03012	-0.02614	0.00934	-0.00600	0.00018	-0.07026	0.02934	-0.02546	0.01179	-0.00684	0.00059	0.00353	-0.01613	-0.00612	-0.05637	-0.03348	-0.00627	-0.05635	-0.02770	-0.00608	-0.04340	-0.04216	-0.00621	-0.06256	-0.01876	-0.00694	-0.03221	-0.03461	-0.00579	-0.06904	-0.01476	-0.00723	-0.11993	-0.01814	-0.00756
86	-0.00575	0.02714	-0.03326	0.00654	-0.00597	0.00022	-0.05269	0.03573	-0.03122	0.01283	-0.00671	0.00064	0.02433	-0.02583	-0.00613	-0.04309	-0.03661	-0.00654	-0.02841	-0.03578	-0.00606	-0.01623	-0.05042	-0.00591	-0.03634	-0.02874	-0.00638	-0.01318	-0.03817	-0.00573	-0.05681	-0.02241	-0.00717	-0.11100	-0.01793	-0.00753
87	0.01909	0.02469	-0.04281	0.00367	-0.00595	0.00030	-0.02991	0.04024	-0.03968	0.01340	-0.00646	0.00080	0.04731	-0.03859	-0.00614	-0.02316	-0.04184	-0.00677	0.00149	-0.04527	-0.00611	0.00741	-0.05816	-0.00554	-0.00277	-0.04237	-0.00570	0.00848	-0.04457	-0.00561	-0.03580	-0.03484	-0.00686	-0.09525	-0.02120	-0.00741
88	0.04727	0.02105	-0.05467	0.00161	-0.00590	0.00041	-0.00057	0.04296	-0.05144	0.01437	-0.00604	0.00101	0.07158	-0.05372	-0.00609	0.00543	-0.05033	-0.00683	0.03482	-0.05653	-0.00618	0.02774	-0.06611	-0.00508	0.03708	-0.05962	-0.00491	0.03543	-0.05377	-0.00542	-0.00094	-0.05295	-0.00626	-0.07218	-0.02821	-0.00713
89	0.07867	0.01641	-0.06820	0.00279	-0.00575	0.00054	0.03510	0.04473	-0.06717	0.01738	-0.00540	0.00119	0.09743	-0.07068	-0.00589	0.04387	-0.06285	-0.00658	0.07159	-0.06874	-0.00621	0.04551	-0.07543	-0.00448	0.07730	-0.08170	-0.00401	0.06699	-0.06517	-0.00516	0.04998	-0.07717	-0.00531	-0.04116	-0.03871	-0.00661
90	0.11170	0.01353	-0.08300	0.00600	-0.00543	0.00066	0.07709	0.04805	-0.08745	0.02306	-0.00445	0.00131	0.12715	-0.08990	-0.00543	0.08955	-0.07910	-0.00587	0.10593	-0.08007	-0.00609	0.06288	-0.08727	-0.00371	0.11442	-0.10960	-0.00292	0.10201	-0.07902	-0.00478	0.11783	-0.10777	-0.00396	0.00077	-0.05349	-0.00577
91	0.14569	0.01609	-0.09974	0.01156	-0.00483	0.00076	0.12600	0.05600	-0.11204	0.02959	-0.00310	0.00138	0.16344	-0.11264	-0.00460	0.13891	-0.09879	-0.00457	0.13206	-0.09030	-0.00568	0.08279	-0.10229	-0.00271	0.14962	-0.14039	-0.00156	0.14156	-0.09629	-0.00421	0.19979	-0.14410	-0.00213	0.05887	-0.07462	-0.00452
92	0.18214	0.02916	-0.11994	0.01911	-0.00386	0.00084	0.18254	0.06893	-0.14096	0.03471	-0.00129	0.00146	0.20794	-0.14005	-0.00336	0.19290	-0.12369	-0.00260	0.15050	-0.10200	-0.00483	0.10800	-0.12097	-0.00146	0.18539	-0.17038	0.00018	0.18798	-0.11777	-0.00339	0.28888	-0.18504	0.00022	0.13754	-0.10474	-0.00281
93	0.22423	0.04826	-0.14560	0.02667	-0.00249	0.00095	0.24721	0.08419	-0.17480	0.03795	0.00099	0.00162	0.26066	-0.17299	-0.00168	0.25513	-0.15614	-0.00000	0.16949	-0.11972	-0.00353	0.14174	-0.14418	0.00007	0.22749	-0.19890	0.00235	0.24253	-0.14409	-0.00226	0.37620	-0.22967	0.00310	0.23546	-0.14509	-0.00055
94	0.27463	0.06403	-0.17801	0.03243	-0.00075	0.00113	0.31870	0.09756	-0.21309	0.04018	0.00368	0.00188	0.31961	-0.21148	0.00038	0.32565	-0.19645	0.00306	0.20132	-0.14673	-0.00187	0.18588	-0.17212	0.00186	0.28258	-0.22672	0.00483	0.30297	-0.17583	-0.00077	0.45426	-0.27601	0.00637	0.34514	-0.19415	0.00230
95	0.33473	0.06743	-0.21667	0.03552	0.00126	0.00134	0.39385	0.10577	-0.25405	0.04227	0.00657	0.00215	0.38248	-0.25401	0.00269	0.40194	-0.24248	0.00630	0.25760	-0.18329	0.00003	0.24014	-0.20382	0.00385	0.35233	-0.25410	0.00732	0.36413	-0.21272	0.00107	0.51763	-0.32087	0.00968	0.45720	-0.24899	0.00572
96	0.40420	0.05858	-0.25931	0.03575	0.00340	0.00153	0.46867	0.10862	-0.29449	0.04424	0.00933	0.00234	0.44954	-0.29777	0.00503	0.48174	-0.29057	0.00939	0.33805	-0.22710	0.00200	0.30356	-0.23758	0.00589	0.42973	-0.27931	0.00941	0.42500	-0.25305	0.00316	0.56527	-0.35945	0.01248	0.56307	-0.30554	0.00947
97	0.47870	0.04612	-0.30195	0.03352	0.00543	0.00164	0.53748	0.10790	-0.32965	0.04560	0.01153	0.00249	0.52088	-0.33899	0.00713	0.56025	-0.33560	0.01195	0.42946	-0.27370	0.00387	0.37259	-0.27060	0.00774	0.50224	-0.29901	0.01067	0.48576	-0.29315	0.00528	0.59540	-0.38477	0.01418	0.65692	-0.35824	0.01310
98	0.55006	0.03849	-0.33920	0.02970	0.00709	0.00161	0.59175	0.10582	-0.35398	0.04631	0.01271	0.00276	0.59203	-0.37285	0.00868	0.62855	-0.37155	0.01355	0.51641	-0.31664	0.00547	0.44113	-0.29916	0.00908	0.55658	-0.31016	0.01075	0.54174	-0.32812	0.00712	0.60136	-0.38918	0.01425	0.73111	-0.39986	0.01591
99	0.60904	0.03866	-0.36538	0.02489	0.00810	0.00139	0.62009	0.10562	-0.36220	0.04757	0.01247	0.00322	0.65353	-0.39407	0.00938	0.67323	-0.39184	0.01379	0.58999	-0.34955	0.00663	0.49995	-0.31870	0.00953	0.58227	-0.31092	0.00945	0.58361	-0.35253	0.00829	0.57139	-0.36708	0.01241	0.77358	-0.42244	0.01715
100	0.64263	0.04566	-0.37476	0.01960	0.00819	0.00098	0.60801	0.11164	-0.34950	0.05161	0.01058	0.00373	0.68957	-0.39716	0.00901	0.67883	-0.39040	0.01238	0.63998	-0.36636	0.00711	0.53598	-0.32389	0.00878	0.56621	-0.29876	0.00682	0.59836	-0.36075	0.00846	0.49355	-0.31662	0.00874	0.76549	-0.41784	0.01620
101	0.63501	0.05496	-0.36186	0.01480	0.00722	0.00047	0.54097	0.12615	-0.31301	0.05900	0.00721	0.00398	0.68007	-0.37709	0.00751	0.63223	-0.36328	0.00931	0.65117	-0.36093	0.00669	0.53316	-0.30956	0.00676	0.49140	-0.26969	0.00321	0.57378	-0.34755	0.00747	0.36242	-0.24232	0.00392	0.68565	-0.38019	0.01287
