	Mean	Std Dev	Mean	Std Dev	Mean	Std Dev	Mean	Std Dev	Mean	Std Dev	Mean	Std Dev	2015_11_17_PC026_BAREFOOT_WALK0002_1.c3d	2015_11_17_PC026_BAREFOOT_WALK0002_1.c3d	2015_11_17_PC026_BAREFOOT_WALK0002_1.c3d	2015_11_17_PC026_BAREFOOT_WALK0003_1.c3d	2015_11_17_PC026_BAREFOOT_WALK0003_1.c3d	2015_11_17_PC026_BAREFOOT_WALK0003_1.c3d	2015_11_17_PC026_BAREFOOT_WALK0003_2.c3d	2015_11_17_PC026_BAREFOOT_WALK0003_2.c3d	2015_11_17_PC026_BAREFOOT_WALK0003_2.c3d	2015_11_17_PC026_BAREFOOT_WALK0006_2.c3d	2015_11_17_PC026_BAREFOOT_WALK0006_2.c3d	2015_11_17_PC026_BAREFOOT_WALK0006_2.c3d	2015_11_17_PC026_BAREFOOT_WALK0007_1.c3d	2015_11_17_PC026_BAREFOOT_WALK0007_1.c3d	2015_11_17_PC026_BAREFOOT_WALK0007_1.c3d	2015_11_17_PC026_BAREFOOT_WALK0007_2.c3d	2015_11_17_PC026_BAREFOOT_WALK0007_2.c3d	2015_11_17_PC026_BAREFOOT_WALK0007_2.c3d	2015_11_17_PC026_BAREFOOT_WALK0008_1.c3d	2015_11_17_PC026_BAREFOOT_WALK0008_1.c3d	2015_11_17_PC026_BAREFOOT_WALK0008_1.c3d	2015_11_17_PC026_BAREFOOT_WALK0008_2.c3d	2015_11_17_PC026_BAREFOOT_WALK0008_2.c3d	2015_11_17_PC026_BAREFOOT_WALK0008_2.c3d
	LHIP_MF_N	LHIP_MF_N	LKNEE_MF_N	LKNEE_MF_N	LANKLE_MF_N	LANKLE_MF_N	RHIP_MF_N	RHIP_MF_N	RKNEE_MF_N	RKNEE_MF_N	RANKLE_MF_N	RANKLE_MF_N	LHIP_MF_N	LKNEE_MF_N	LANKLE_MF_N	LHIP_MF_N	LKNEE_MF_N	LANKLE_MF_N	RHIP_MF_N	RKNEE_MF_N	RANKLE_MF_N	RHIP_MF_N	RKNEE_MF_N	RANKLE_MF_N	RHIP_MF_N	RKNEE_MF_N	RANKLE_MF_N	RHIP_MF_N	RKNEE_MF_N	RANKLE_MF_N	RHIP_MF_N	RKNEE_MF_N	RANKLE_MF_N	LHIP_MF_N	LKNEE_MF_N	LANKLE_MF_N
	LINK_MODEL_BASED	LINK_MODEL_BASED	LINK_MODEL_BASED	LINK_MODEL_BASED	LINK_MODEL_BASED	LINK_MODEL_BASED	LINK_MODEL_BASED	LINK_MODEL_BASED	LINK_MODEL_BASED	LINK_MODEL_BASED	LINK_MODEL_BASED	LINK_MODEL_BASED	LINK_MODEL_BASED	LINK_MODEL_BASED	LINK_MODEL_BASED	LINK_MODEL_BASED	LINK_MODEL_BASED	LINK_MODEL_BASED	LINK_MODEL_BASED	LINK_MODEL_BASED	LINK_MODEL_BASED	LINK_MODEL_BASED	LINK_MODEL_BASED	LINK_MODEL_BASED	LINK_MODEL_BASED	LINK_MODEL_BASED	LINK_MODEL_BASED	LINK_MODEL_BASED	LINK_MODEL_BASED	LINK_MODEL_BASED	LINK_MODEL_BASED	LINK_MODEL_BASED	LINK_MODEL_BASED	LINK_MODEL_BASED	LINK_MODEL_BASED	LINK_MODEL_BASED
	ORIGINAL	ORIGINAL	ORIGINAL	ORIGINAL	ORIGINAL	ORIGINAL	ORIGINAL	ORIGINAL	ORIGINAL	ORIGINAL	ORIGINAL	ORIGINAL	ORIGINAL	ORIGINAL	ORIGINAL	ORIGINAL	ORIGINAL	ORIGINAL	ORIGINAL	ORIGINAL	ORIGINAL	ORIGINAL	ORIGINAL	ORIGINAL	ORIGINAL	ORIGINAL	ORIGINAL	ORIGINAL	ORIGINAL	ORIGINAL	ORIGINAL	ORIGINAL	ORIGINAL	ORIGINAL	ORIGINAL	ORIGINAL
ITEM	X	X	X	X	X	X	X	X	X	X	X	X	X	X	X	X	X	X	X	X	X	X	X	X	X	X	X	X	X	X	X	X	X	X	X	X
1	0.20402	0.14864	-0.02919	0.12958	0.26105	0.40856	0.28386	0.25912	-0.10031	0.16994	0.23478	0.27612	0.35381	-0.15226	0.04642	0.05656	0.10604	0.73219	0.47972	-0.24031	0.07620	0.63743	-0.29178	0.37504	0.05977	0.13218	0.65619	0.15330	-0.06326	0.05906	0.08909	-0.03838	0.00742	0.20169	-0.04136	0.00454
2	0.17994	0.14767	-0.02116	0.08216	0.29681	0.41497	0.32459	0.39082	-0.10930	0.19956	0.29511	0.28348	0.32629	-0.11521	0.07729	0.03099	0.03666	0.77542	0.45754	-0.20477	0.12082	0.95184	-0.41481	0.45230	0.06089	0.06256	0.72190	0.13574	-0.01777	0.10214	0.01696	0.02829	0.07838	0.18255	0.01508	0.03770
3	0.15810	0.13933	-0.01462	0.07676	0.34222	0.42137	0.36619	0.44691	-0.13357	0.22192	0.37687	0.30242	0.29351	-0.06931	0.11663	0.01517	-0.04767	0.82836	0.42395	-0.16033	0.17202	1.12284	-0.50609	0.58591	0.11294	-0.05386	0.80763	0.11309	0.03252	0.15490	0.05815	0.01992	0.16390	0.16563	0.07314	0.08167
4	0.12585	0.13369	0.00391	0.12991	0.38925	0.41228	0.37871	0.46299	-0.14952	0.26005	0.46401	0.32378	0.25711	-0.01217	0.16730	-0.01015	-0.11722	0.86496	0.38615	-0.10738	0.23946	1.17501	-0.57576	0.75064	0.18154	-0.17838	0.87941	0.09022	0.07886	0.21552	0.06063	0.03506	0.23501	0.13058	0.14111	0.13548
5	0.09640	0.12423	0.03006	0.17841	0.42707	0.36902	0.37474	0.51214	-0.15513	0.31061	0.52931	0.31583	0.22295	0.04674	0.22747	-0.02537	-0.15610	0.85290	0.34713	-0.05458	0.31753	1.26436	-0.67107	0.88598	0.16296	-0.19717	0.86375	0.06858	0.11371	0.27951	0.03069	0.03348	0.29978	0.09162	0.19955	0.20084
6	0.09583	0.08765	0.03437	0.25160	0.47069	0.32115	0.37761	0.57473	-0.17267	0.36696	0.58283	0.30168	0.19695	0.10279	0.29605	0.04897	-0.24437	0.84132	0.31304	-0.00760	0.40610	1.38416	-0.79567	0.98555	0.12990	-0.19715	0.82741	0.05857	0.12464	0.34095	0.00237	0.01241	0.35412	0.04157	0.24469	0.27471
7	0.09378	0.09827	0.03085	0.30724	0.51626	0.26797	0.37576	0.58387	-0.19989	0.40181	0.62987	0.29623	0.18775	0.14675	0.36980	0.10187	-0.31749	0.82553	0.28716	0.02709	0.50093	1.40288	-0.88547	1.06361	0.11983	-0.22272	0.80544	0.06840	0.10349	0.39412	0.00051	-0.02183	0.38524	-0.00829	0.26327	0.35343
8	0.07776	0.12316	0.02689	0.31783	0.55806	0.20735	0.37629	0.57472	-0.23417	0.41993	0.65795	0.27933	0.20096	0.17125	0.44501	0.07767	-0.33750	0.79737	0.27318	0.04326	0.59666	1.39063	-0.95482	1.07946	0.10558	-0.24189	0.77845	0.09636	0.05180	0.43498	0.01569	-0.06918	0.40021	-0.04537	0.24691	0.43180
9	0.07530	0.14890	0.00426	0.31098	0.59827	0.15095	0.37629	0.55864	-0.27168	0.42785	0.67308	0.26340	0.23420	0.17315	0.51778	0.05275	-0.35461	0.77241	0.27498	0.03605	0.68758	1.36134	-1.01086	1.06175	0.09392	-0.25926	0.75482	0.13550	-0.02217	0.46231	0.01570	-0.10216	0.39896	-0.06103	0.19426	0.50463
10	0.08011	0.17463	-0.03168	0.28637	0.63628	0.10423	0.38507	0.53536	-0.31538	0.42725	0.67893	0.25430	0.27751	0.15480	0.58485	0.01704	-0.36142	0.75623	0.29471	0.00305	0.76824	1.32641	-1.05898	1.02833	0.08299	-0.27441	0.73322	0.18229	-0.10998	0.47802	0.03894	-0.13658	0.38684	-0.05421	0.11157	0.56776
11	0.09005	0.20024	-0.07572	0.24902	0.67104	0.06961	0.40729	0.52234	-0.36739	0.42433	0.67968	0.24376	0.32126	0.12073	0.64406	-0.02494	-0.35579	0.75011	0.33104	-0.05505	0.83442	1.32083	-1.11262	0.98351	0.06143	-0.27882	0.70337	0.23447	-0.20476	0.48634	0.08870	-0.18569	0.39075	-0.02618	0.00791	0.61896
12	0.11020	0.22115	-0.12780	0.21295	0.70259	0.04904	0.43454	0.52883	-0.42177	0.42676	0.67877	0.24080	0.36192	0.07452	0.69455	-0.05288	-0.34999	0.75515	0.38250	-0.13638	0.88380	1.34794	-1.17653	0.94927	0.03818	-0.28015	0.67588	0.29269	-0.30042	0.49252	0.11139	-0.21537	0.39237	0.02158	-0.10794	0.65806
13	0.14093	0.23715	-0.18779	0.18965	0.73142	0.04248	0.46788	0.52768	-0.48163	0.42151	0.68244	0.22668	0.40078	0.01883	0.73661	-0.06381	-0.35394	0.77107	0.44799	-0.23785	0.91598	1.36319	-1.22846	0.91122	0.01889	-0.28165	0.65647	0.35292	-0.39169	0.50149	0.15644	-0.26850	0.42702	0.08581	-0.22825	0.68659
14	0.17284	0.26118	-0.24452	0.17429	0.75310	0.04020	0.49153	0.51639	-0.53479	0.40458	0.68702	0.20869	0.43986	-0.04327	0.77129	-0.08209	-0.34426	0.78098	0.52636	-0.35521	0.93213	1.34151	-1.24660	0.87597	0.00065	-0.27968	0.64066	0.40501	-0.47473	0.51698	0.18411	-0.31772	0.46937	0.16073	-0.34603	0.70702
15	0.20316	0.29584	-0.29484	0.17487	0.76957	0.04171	0.50551	0.51189	-0.58078	0.38987	0.69289	0.19262	0.47942	-0.10816	0.79993	-0.10899	-0.32154	0.78677	0.61529	-0.48315	0.93460	1.30873	-1.25092	0.85992	-0.02401	-0.27148	0.61936	0.44981	-0.54682	0.54106	0.17775	-0.35152	0.50949	0.23904	-0.45482	0.72202
16	0.23492	0.32951	-0.34315	0.19106	0.78658	0.04693	0.51460	0.51816	-0.62334	0.38215	0.70578	0.17437	0.51751	-0.17235	0.82383	-0.12702	-0.30763	0.80203	0.70940	-0.61512	0.92639	1.27923	-1.25216	0.86237	-0.04668	-0.26501	0.60468	0.48445	-0.60594	0.57431	0.14660	-0.37848	0.56114	0.31428	-0.54948	0.73387
17	0.26018	0.36801	-0.38217	0.21373	0.79826	0.05046	0.52672	0.52562	-0.66403	0.37446	0.72753	0.15054	0.55120	-0.23311	0.84408	-0.15350	-0.28637	0.80651	0.80167	-0.74405	0.91071	1.25355	-1.24315	0.87271	-0.05453	-0.26987	0.61337	0.51004	-0.65118	0.61595	0.12286	-0.41192	0.62491	0.38284	-0.62704	0.74418
18	0.28051	0.40450	-0.41347	0.23704	0.80631	0.05399	0.54757	0.55379	-0.70550	0.38282	0.75178	0.13272	0.57789	-0.28856	0.86158	-0.18011	-0.26501	0.80364	0.88605	-0.86337	0.89067	1.28261	-1.25997	0.89887	-0.06500	-0.27326	0.61959	0.52968	-0.68329	0.66418	0.10449	-0.44759	0.68560	0.44374	-0.68685	0.75370
19	0.29677	0.43471	-0.43884	0.25581	0.81341	0.05834	0.55873	0.58607	-0.73559	0.39655	0.77174	0.12168	0.59559	-0.33740	0.87704	-0.20192	-0.24931	0.80077	0.95943	-0.96784	0.86912	1.30456	-1.26880	0.92215	-0.08946	-0.26866	0.62289	0.54699	-0.70502	0.71638	0.07212	-0.46764	0.72817	0.49665	-0.72981	0.76243
20	0.30186	0.46868	-0.45333	0.27485	0.81656	0.06508	0.56570	0.61870	-0.75827	0.41288	0.79258	0.11361	0.60270	-0.37859	0.89088	-0.23815	-0.22358	0.78905	1.02177	-1.05386	0.84850	1.32331	-1.27563	0.94559	-0.12635	-0.25906	0.63930	0.56395	-0.72064	0.76948	0.04583	-0.48217	0.76004	0.54103	-0.75783	0.76976
21	0.30215	0.49409	-0.46308	0.28798	0.81798	0.07388	0.57247	0.65189	-0.77856	0.42960	0.81267	0.11285	0.59816	-0.41124	0.90329	-0.26824	-0.20454	0.77591	1.07414	-1.11929	0.83077	1.34881	-1.29013	0.96875	-0.16562	-0.24902	0.65224	0.58086	-0.73532	0.82027	0.02418	-0.49902	0.79130	0.57654	-0.77346	0.77475
22	0.29732	0.51169	-0.46815	0.29597	0.81681	0.08470	0.56461	0.68070	-0.78700	0.44258	0.82531	0.11452	0.58272	-0.43469	0.91414	-0.29342	-0.19034	0.75978	1.11786	-1.16348	0.81731	1.34072	-1.28744	0.97430	-0.20938	-0.23347	0.65670	0.59655	-0.75307	0.86547	-0.02268	-0.49753	0.81279	0.60265	-0.77943	0.77652
23	0.28265	0.53092	-0.46452	0.30580	0.81073	0.09930	0.54759	0.69549	-0.78488	0.44700	0.83178	0.11336	0.55926	-0.44873	0.92306	-0.32946	-0.16692	0.73466	1.15358	-1.18714	0.80884	1.28929	-1.25672	0.96121	-0.26085	-0.20899	0.66099	0.60853	-0.77482	0.90192	-0.05259	-0.49673	0.82594	0.61816	-0.77792	0.77448
24	0.26473	0.54213	-0.45743	0.31106	0.80330	0.11292	0.53309	0.70995	-0.78115	0.44904	0.83282	0.11178	0.53114	-0.45365	0.92953	-0.35906	-0.14828	0.71189	1.18042	-1.19202	0.80537	1.25250	-1.23578	0.94942	-0.29776	-0.19716	0.67095	0.61557	-0.79911	0.92740	-0.08527	-0.48167	0.81096	0.62211	-0.77036	0.76849
25	0.24026	0.55226	-0.44472	0.31556	0.79368	0.12547	0.51871	0.71265	-0.77600	0.44357	0.83295	0.10803	0.50038	-0.45021	0.93287	-0.39403	-0.12645	0.68929	1.19582	-1.18073	0.80628	1.20297	-1.20956	0.93383	-0.33078	-0.19004	0.68070	0.61782	-0.82308	0.94114	-0.09228	-0.47658	0.80280	0.61444	-0.75750	0.75888
26	0.20891	0.56240	-0.42575	0.32094	0.78053	0.13798	0.49145	0.71538	-0.75908	0.44085	0.82464	0.10602	0.46710	-0.43953	0.93243	-0.43622	-0.09813	0.66295	1.19657	-1.15655	0.81049	1.13406	-1.17142	0.91152	-0.38401	-0.16555	0.68043	0.61516	-0.84291	0.94362	-0.10453	-0.45895	0.77714	0.59585	-0.73958	0.74623
27	0.17833	0.56016	-0.40537	0.32046	0.76487	0.14883	0.46176	0.71765	-0.73900	0.43990	0.81549	0.10533	0.43078	-0.42286	0.92769	-0.46363	-0.07652	0.63583	1.18020	-1.12302	0.81670	1.07612	-1.13906	0.89391	-0.44085	-0.13356	0.67291	0.60672	-0.85467	0.93617	-0.11338	-0.44471	0.75775	0.56784	-0.71673	0.73110
28	0.14196	0.55808	-0.38011	0.32020	0.74619	0.15859	0.42597	0.71637	-0.71341	0.43974	0.80554	0.10639	0.39137	-0.40137	0.91842	-0.49734	-0.04981	0.60620	1.14605	-1.08357	0.82352	1.01996	-1.10998	0.88712	-0.48596	-0.10698	0.66598	0.59158	-0.85530	0.92047	-0.14180	-0.41122	0.73062	0.53184	-0.68915	0.71395
29	0.10036	0.55531	-0.34972	0.32090	0.72492	0.16677	0.38569	0.70863	-0.68387	0.43576	0.79497	0.10704	0.34928	-0.37607	0.90462	-0.53586	-0.01645	0.57512	1.09519	-1.04097	0.82966	0.96266	-1.07621	0.88288	-0.51913	-0.08829	0.66286	0.56956	-0.84312	0.89821	-0.17983	-0.37075	0.70123	0.48766	-0.65663	0.69502
30	0.05888	0.54285	-0.31754	0.31768	0.70255	0.17157	0.33743	0.69532	-0.64736	0.42970	0.78007	0.10690	0.30483	-0.34803	0.88647	-0.56341	0.01428	0.54681	1.02975	-0.99703	0.83398	0.88871	-1.02703	0.86647	-0.56216	-0.05910	0.65034	0.54107	-0.81781	0.87084	-0.21021	-0.33585	0.67874	0.43522	-0.61888	0.67439
31	0.01686	0.52452	-0.28571	0.30829	0.68034	0.17156	0.28396	0.68562	-0.60476	0.42817	0.76125	0.11145	0.25809	-0.31829	0.86431	-0.58488	0.03757	0.52473	0.95255	-0.95259	0.83554	0.82518	-0.98123	0.85202	-0.61202	-0.02265	0.62961	0.50674	-0.78027	0.83950	-0.25265	-0.28705	0.64957	0.37737	-0.57643	0.65197
32	-0.02067	0.49545	-0.25527	0.29256	0.65748	0.16829	0.23010	0.67496	-0.56147	0.42573	0.74267	0.11767	0.20944	-0.28775	0.83865	-0.58933	0.05218	0.50603	0.86701	-0.90768	0.83363	0.77334	-0.94100	0.84500	-0.65419	0.00946	0.60807	0.46672	-0.73222	0.80500	-0.30240	-0.23594	0.62168	0.31787	-0.53024	0.62774
33	-0.05836	0.46546	-0.22236	0.27738	0.63170	0.16552	0.17133	0.65210	-0.51273	0.41634	0.71913	0.12042	0.15961	-0.25696	0.81008	-0.59281	0.07070	0.48309	0.77678	-0.86172	0.82779	0.68803	-0.87590	0.82008	-0.69452	0.04734	0.57955	0.42059	-0.67587	0.76798	-0.33423	-0.19751	0.60025	0.25812	-0.48083	0.60192
34	-0.10573	0.45183	-0.18320	0.26971	0.60230	0.16506	0.11757	0.62879	-0.46264	0.40598	0.69161	0.12255	0.10980	-0.22638	0.77931	-0.62496	0.10550	0.45258	0.68499	-0.81392	0.81782	0.62089	-0.81065	0.78651	-0.72999	0.08552	0.54992	0.36858	-0.61385	0.72906	-0.35661	-0.16031	0.57474	0.19797	-0.42871	0.57500
35	-0.14482	0.42552	-0.14935	0.25284	0.57551	0.15955	0.06636	0.60680	-0.41304	0.39349	0.66299	0.12356	0.06146	-0.19659	0.74711	-0.63417	0.12377	0.43165	0.59356	-0.76346	0.80371	0.56869	-0.74868	0.75153	-0.75692	0.11537	0.52625	0.31215	-0.54896	0.68900	-0.38567	-0.11947	0.54445	0.13825	-0.37525	0.54775
36	-0.18195	0.40045	-0.11672	0.23573	0.54975	0.15236	0.01399	0.58407	-0.36149	0.38105	0.63060	0.12609	0.01634	-0.16831	0.71442	-0.64285	0.14054	0.41377	0.50342	-0.70975	0.78558	0.50962	-0.68351	0.71234	-0.78881	0.15057	0.49674	0.25320	-0.48371	0.64876	-0.40751	-0.08104	0.50957	0.08067	-0.32238	0.52107
37	-0.22435	0.39094	-0.08078	0.22768	0.52273	0.14791	-0.04118	0.56610	-0.30780	0.37171	0.59725	0.12926	-0.02412	-0.14204	0.68223	-0.67484	0.17127	0.39010	0.41526	-0.65272	0.76372	0.45040	-0.62096	0.67496	-0.82816	0.19222	0.46383	0.19419	-0.41999	0.60949	-0.43761	-0.03755	0.47425	0.02591	-0.27156	0.49586
38	-0.25244	0.36288	-0.05423	0.20822	0.50023	0.13975	-0.09386	0.54957	-0.25654	0.36178	0.56732	0.12995	-0.05973	-0.11767	0.65158	-0.67103	0.17833	0.37606	0.33023	-0.59291	0.73854	0.40170	-0.56440	0.64468	-0.86493	0.23149	0.43546	0.12942	-0.35904	0.57238	-0.46569	0.00215	0.44552	-0.02656	-0.22336	0.47304
39	-0.28439	0.34674	-0.02661	0.19453	0.48038	0.13163	-0.14651	0.52467	-0.20391	0.34574	0.53442	0.12801	-0.09146	-0.09451	0.62340	-0.68468	0.19277	0.36432	0.24989	-0.53138	0.71062	0.33181	-0.49215	0.59973	-0.88331	0.26192	0.40680	0.06984	-0.30163	0.53853	-0.50079	0.04366	0.41641	-0.07702	-0.17808	0.45342
40	-0.32290	0.34720	0.00500	0.19151	0.46113	0.12728	-0.19592	0.50051	-0.15486	0.33046	0.50400	0.12510	-0.12040	-0.07183	0.59854	-0.72380	0.22300	0.34726	0.17594	-0.46950	0.68067	0.26182	-0.42706	0.55957	-0.90311	0.29407	0.37540	0.01363	-0.24823	0.50874	-0.52787	0.07641	0.39563	-0.12450	-0.13616	0.43759
41	-0.35061	0.33556	0.03175	0.18403	0.44397	0.12559	-0.24517	0.48958	-0.10715	0.32271	0.47702	0.12310	-0.14691	-0.04908	0.57760	-0.73791	0.24236	0.32837	0.10967	-0.40880	0.64947	0.20722	-0.37518	0.53124	-0.94531	0.33837	0.34143	-0.04157	-0.19923	0.48347	-0.55584	0.10910	0.37952	-0.16702	-0.09804	0.42594
42	-0.37687	0.32949	0.05751	0.17818	0.43188	0.12288	-0.29572	0.48185	-0.05872	0.31881	0.44957	0.12401	-0.17039	-0.02590	0.56088	-0.75685	0.26209	0.31621	0.05151	-0.35083	0.61785	0.15056	-0.32583	0.50685	-0.98438	0.38245	0.30543	-0.09392	-0.15506	0.46279	-0.60235	0.15568	0.35491	-0.20336	-0.06367	0.41855
43	-0.39950	0.32602	0.08204	0.17257	0.42309	0.12167	-0.34199	0.46681	-0.01505	0.31194	0.42395	0.12391	-0.18936	-0.00206	0.54848	-0.77507	0.28054	0.30552	0.00098	-0.29686	0.58662	0.08229	-0.27583	0.48087	-1.00789	0.41737	0.27214	-0.14223	-0.11609	0.44653	-0.64310	0.19614	0.33361	-0.23407	-0.03235	0.41526
44	-0.41457	0.31803	0.10392	0.16331	0.41621	0.12389	-0.37941	0.44994	0.02225	0.30202	0.40201	0.12146	-0.20261	0.02291	0.54038	-0.78026	0.29190	0.29259	-0.04285	-0.24777	0.55648	0.02350	-0.22753	0.45340	-1.02038	0.44344	0.24338	-0.18524	-0.08223	0.43423	-0.67206	0.22531	0.32256	-0.26085	-0.00304	0.41566
45	-0.42872	0.31582	0.12606	0.15372	0.41323	0.12621	-0.42407	0.42954	0.06266	0.29207	0.37904	0.12241	-0.21034	0.04990	0.53642	-0.79084	0.30298	0.28420	-0.08115	-0.20399	0.52797	-0.07142	-0.16229	0.42417	-1.03554	0.47096	0.21024	-0.22258	-0.05277	0.42518	-0.70965	0.26139	0.30763	-0.28498	0.02529	0.41907
46	-0.44490	0.32264	0.15380	0.15117	0.40940	0.13500	-0.46496	0.41576	0.10014	0.28601	0.35529	0.12769	-0.21467	0.08018	0.53625	-0.81367	0.32768	0.26751	-0.11524	-0.16554	0.50144	-0.14733	-0.10740	0.39551	-1.04241	0.49398	0.17080	-0.25422	-0.02645	0.41839	-0.76558	0.30608	0.29030	-0.30635	0.05355	0.42445
47	-0.46285	0.33560	0.18677	0.15310	0.40818	0.14330	-0.48346	0.39212	0.12319	0.27206	0.33456	0.13465	-0.21853	0.11478	0.53916	-0.84550	0.36260	0.25512	-0.14640	-0.13220	0.47696	-0.19186	-0.06732	0.36705	-1.02020	0.49837	0.12715	-0.28033	-0.00159	0.41263	-0.77851	0.31870	0.28902	-0.32452	0.08294	0.43027
48	-0.48671	0.35920	0.22544	0.15889	0.41454	0.14058	-0.49981	0.36237	0.14585	0.25360	0.30834	0.14581	-0.22386	0.15371	0.54412	-0.89599	0.40754	0.26507	-0.17577	-0.10345	0.45436	-0.24172	-0.02177	0.33243	-0.95962	0.47446	0.08052	-0.30144	0.02399	0.40640	-0.82051	0.35601	0.26799	-0.34027	0.11506	0.43442
49	-0.53029	0.41532	0.28213	0.18953	0.41728	0.14187	-0.50572	0.32808	0.16170	0.22783	0.27987	0.15595	-0.23128	0.19573	0.54979	-1.00451	0.49947	0.26761	-0.20417	-0.07851	0.43321	-0.28181	0.02395	0.28599	-0.86654	0.42084	0.03795	-0.31809	0.05267	0.39791	-0.85798	0.38955	0.24429	-0.35510	0.15120	0.43444
50	-0.57154	0.46613	0.34089	0.21923	0.41845	0.14120	-0.50325	0.29571	0.17178	0.20203	0.25193	0.16290	-0.24067	0.23874	0.55468	-1.10464	0.59256	0.27277	-0.23179	-0.05651	0.41289	-0.30882	0.06104	0.23579	-0.77424	0.35628	0.00429	-0.33064	0.08638	0.38511	-0.87074	0.41169	0.22160	-0.36931	0.19137	0.42791
51	-0.59490	0.48581	0.38902	0.22965	0.41677	0.13866	-0.50086	0.28578	0.18180	0.19094	0.22602	0.16698	-0.25144	0.28015	0.55729	-1.15074	0.65286	0.28006	-0.25839	-0.03646	0.39250	-0.29224	0.06799	0.19017	-0.73399	0.31811	-0.02412	-0.33941	0.12557	0.36584	-0.88028	0.43380	0.20569	-0.38252	0.23406	0.41294
52	-0.61421	0.49881	0.43469	0.23954	0.40057	0.15001	-0.47983	0.26867	0.18110	0.18114	0.20257	0.16232	-0.26294	0.31726	0.55624	-1.18515	0.71028	0.25694	-0.28400	-0.01721	0.37106	-0.26880	0.06735	0.14570	-0.60821	0.22896	-0.03238	-0.34466	0.16862	0.33828	-0.89346	0.45775	0.19019	-0.39453	0.27652	0.38852
53	-0.62944	0.50408	0.47386	0.24706	0.37465	0.16668	-0.44129	0.27144	0.17391	0.20316	0.18086	0.14812	-0.27629	0.34806	0.55033	-1.20672	0.75850	0.21872	-0.30891	0.00233	0.34754	-0.27261	0.07536	0.10254	-0.35509	0.06895	-0.01705	-0.34651	0.21211	0.30148	-0.92330	0.51077	0.16977	-0.40533	0.31503	0.35492
54	-0.63158	0.48358	0.49472	0.23629	0.34395	0.18148	-0.43422	0.30080	0.19018	0.24585	0.15897	0.13421	-0.29504	0.37180	0.53859	-1.18573	0.76713	0.17939	-0.33327	0.02281	0.32103	-0.25997	0.06273	0.07433	-0.26477	0.01826	-0.01192	-0.34525	0.25176	0.25598	-0.96783	0.59536	0.15542	-0.41398	0.34522	0.31388
55	-0.61844	0.43281	0.49225	0.20258	0.30929	0.19373	-0.43318	0.29837	0.21086	0.26521	0.13679	0.11865	-0.32206	0.38848	0.52018	-1.11512	0.72569	0.13923	-0.35645	0.04404	0.29094	-0.22866	0.04385	0.06745	-0.28085	0.03670	-0.01557	-0.34078	0.28282	0.20408	-0.95914	0.64687	0.13705	-0.41813	0.36258	0.26845
56	-0.60621	0.38289	0.47969	0.17225	0.27020	0.20466	-0.42416	0.24871	0.22265	0.25343	0.11446	0.10014	-0.35596	0.39771	0.49455	-1.04699	0.67762	0.09372	-0.37738	0.06503	0.25718	-0.29041	0.08371	0.07537	-0.25843	0.02951	-0.01557	-0.33280	0.30082	0.14956	-0.86181	0.63417	0.10576	-0.41568	0.36374	0.22232
57	-0.58339	0.32034	0.45197	0.13890	0.22985	0.21089	-0.38954	0.21311	0.21198	0.23257	0.07972	0.08850	-0.39151	0.39850	0.46150	-0.95320	0.60966	0.04901	-0.39467	0.08425	0.22031	-0.23958	0.06969	0.03712	-0.24064	0.02353	-0.01536	-0.31979	0.30126	0.09706	-0.75301	0.58118	0.05947	-0.40546	0.34775	0.17903
58	-0.54647	0.24601	0.40739	0.10031	0.19029	0.21056	-0.33587	0.21120	0.18311	0.21479	0.04102	0.08346	-0.42251	0.39026	0.42113	-0.82981	0.51515	0.00875	-0.40672	0.09980	0.18152	-0.08037	-0.00426	-0.02099	-0.23613	0.02389	-0.01556	-0.30816	0.28688	0.05049	-0.64796	0.50925	0.00965	-0.38710	0.31674	0.14100
59	-0.50893	0.18969	0.35606	0.07407	0.15195	0.20358	-0.32074	0.18779	0.16838	0.18788	0.02224	0.06841	-0.44377	0.37343	0.37363	-0.72261	0.41990	-0.02662	-0.41189	0.10986	0.14246	-0.09003	0.00350	-0.01521	-0.23371	0.02356	-0.01529	-0.28191	0.24806	0.01432	-0.58616	0.45694	-0.01509	-0.36041	0.27485	0.10885
60	-0.46552	0.14075	0.30351	0.06401	0.11984	0.18369	-0.31120	0.15127	0.14964	0.14991	0.00486	0.05704	-0.45234	0.34934	0.31950	-0.61240	0.33081	-0.04199	-0.40955	0.11374	0.10533	-0.10669	0.01093	-0.01387	-0.23383	0.02355	-0.01475	-0.31022	0.23574	-0.01491	-0.49573	0.36422	-0.03750	-0.33183	0.23038	0.08199
61	-0.41534	0.10878	0.25086	0.06911	0.09150	0.15489	-0.24984	0.11814	0.09458	0.08709	-0.00474	0.04472	-0.44879	0.32005	0.26037	-0.50346	0.25071	-0.04396	-0.39872	0.10983	0.07145	-0.12807	0.01817	-0.01492	-0.23390	0.02298	-0.01398	-0.14804	0.08908	-0.01910	-0.34048	0.23283	-0.04715	-0.29375	0.18183	0.05810
62	-0.39268	0.09518	0.21801	0.06686	0.06378	0.12548	-0.21017	0.17440	0.05476	0.10667	-0.00729	0.03202	-0.43659	0.28788	0.19973	-0.45798	0.21148	-0.04758	-0.38294	0.10098	0.04312	-0.15615	0.02743	-0.01371	-0.23026	0.02017	-0.01290	0.05782	-0.08111	-0.00710	-0.33931	0.20633	-0.04587	-0.28347	0.15465	0.03918
63	-0.38310	0.15743	0.19743	0.09056	0.03646	0.09766	-0.19102	0.11552	0.03400	0.04303	-0.00767	0.01792	-0.41830	0.25437	0.14214	-0.51996	0.24492	-0.05047	-0.36823	0.09206	0.02234	-0.17526	0.03138	-0.01302	-0.22104	0.01428	-0.01159	-0.05993	-0.02259	-0.01013	-0.13065	0.05486	-0.02594	-0.21106	0.09300	0.01771
64	-0.24439	0.21255	0.09633	0.13705	0.01639	0.06597	-0.13881	0.17600	-0.01054	0.07448	-0.00805	0.00360	-0.40063	0.22391	0.09143	-0.33017	0.11362	-0.03249	-0.33306	0.05584	-0.00361	-0.18259	0.02874	-0.01178	-0.20545	0.00494	-0.01012	-0.11573	-0.00532	-0.00994	0.14276	-0.13692	-0.00483	-0.00235	-0.04855	-0.00977
65	-0.14292	0.19869	0.01835	0.15046	0.01126	0.03358	-0.16541	0.11149	-0.00559	0.04413	-0.01149	0.00477	-0.37208	0.18720	0.05003	-0.01879	-0.10153	-0.00722	-0.30417	0.02603	-0.01988	-0.17627	0.01835	-0.01031	-0.18384	-0.00755	-0.00857	-0.17052	0.01650	-0.01021	0.00774	-0.08126	-0.00848	-0.03789	-0.03063	-0.00901
66	-0.17677	0.18663	0.02767	0.14340	0.00054	0.01478	-0.17678	0.08800	-0.00585	0.03854	-0.01011	0.00417	-0.39203	0.18683	0.01758	-0.06025	-0.09146	-0.00731	-0.30524	0.03009	-0.01730	-0.15892	0.00136	-0.00870	-0.15787	-0.02218	-0.00705	-0.20017	0.02531	-0.00992	-0.06168	-0.06381	-0.00758	-0.07803	-0.01235	-0.00866
67	-0.16906	0.07476	0.00591	0.06493	-0.00728	0.00362	-0.18444	0.07794	-0.00732	0.03320	-0.00940	0.00455	-0.25376	0.07357	-0.00313	-0.14113	-0.05590	-0.00982	-0.31069	0.03271	-0.01720	-0.13514	-0.01967	-0.00707	-0.12985	-0.03749	-0.00564	-0.20999	0.02343	-0.00930	-0.13653	-0.03557	-0.00781	-0.11228	0.00008	-0.00888
68	-0.12929	0.05234	-0.03604	0.04108	-0.00906	0.00088	-0.18407	0.08784	-0.01189	0.03675	-0.00870	0.00507	-0.07087	-0.06827	-0.01004	-0.17191	-0.05008	-0.00878	-0.31922	0.03624	-0.01730	-0.10975	-0.04163	-0.00559	-0.10218	-0.05193	-0.00442	-0.20307	0.01241	-0.00835	-0.18610	-0.01456	-0.00782	-0.14510	0.01022	-0.00836
69	-0.17320	0.03682	-0.01528	0.02430	-0.00903	0.00118	-0.17733	0.10232	-0.01827	0.04432	-0.00784	0.00518	-0.14007	-0.02450	-0.01020	-0.21283	-0.03363	-0.00906	-0.32671	0.04030	-0.01651	-0.08670	-0.06151	-0.00434	-0.07686	-0.06401	-0.00342	-0.18430	-0.00422	-0.00723	-0.21206	-0.00190	-0.00769	-0.16669	0.01227	-0.00784
70	-0.19688	0.03783	-0.00783	0.01521	-0.00917	0.00205	-0.16569	0.11257	-0.02583	0.05013	-0.00704	0.00523	-0.17151	-0.00951	-0.01126	-0.24036	-0.02213	-0.00910	-0.32737	0.04121	-0.01575	-0.06854	-0.07688	-0.00337	-0.05500	-0.07248	-0.00265	-0.15889	-0.02283	-0.00609	-0.21867	0.00183	-0.00735	-0.17877	0.00815	-0.00716
71	-0.21465	0.03770	-0.00318	0.01202	-0.00902	0.00255	-0.15127	0.11668	-0.03340	0.05199	-0.00626	0.00509	-0.20725	0.00763	-0.01163	-0.25551	-0.01611	-0.00892	-0.31931	0.03836	-0.01472	-0.05615	-0.08635	-0.00268	-0.03688	-0.07637	-0.00211	-0.13185	-0.04030	-0.00503	-0.21216	-0.00236	-0.00676	-0.18121	-0.00105	-0.00652
72	-0.22363	0.04430	-0.00364	0.01634	-0.00870	0.00271	-0.13604	0.11572	-0.03981	0.04976	-0.00556	0.00479	-0.23146	0.01522	-0.01140	-0.26348	-0.01341	-0.00872	-0.30323	0.03194	-0.01358	-0.04843	-0.08976	-0.00224	-0.02195	-0.07511	-0.00179	-0.10677	-0.05455	-0.00414	-0.19981	-0.01156	-0.00603	-0.17593	-0.01273	-0.00598
73	-0.22452	0.05217	-0.00852	0.01927	-0.00821	0.00255	-0.12119	0.11187	-0.04390	0.04478	-0.00497	0.00441	-0.24285	0.01293	-0.01067	-0.26504	-0.01410	-0.00838	-0.28173	0.02367	-0.01243	-0.04288	-0.08790	-0.00201	-0.00904	-0.06867	-0.00167	-0.08551	-0.06459	-0.00342	-0.18680	-0.02203	-0.00532	-0.16566	-0.02438	-0.00557
74	-0.21911	0.05750	-0.01612	0.01841	-0.00762	0.00219	-0.10690	0.10700	-0.04478	0.03899	-0.00452	0.00400	-0.24220	0.00259	-0.00964	-0.26146	-0.01674	-0.00792	-0.25747	0.01598	-0.01134	-0.03696	-0.08188	-0.00191	0.00329	-0.05763	-0.00172	-0.06850	-0.07006	-0.00289	-0.17485	-0.03032	-0.00474	-0.15365	-0.03421	-0.00530
75	-0.20882	0.05846	-0.02493	0.01472	-0.00699	0.00171	-0.09236	0.10196	-0.04209	0.03408	-0.00421	0.00359	-0.23088	-0.01338	-0.00850	-0.25304	-0.01990	-0.00734	-0.23189	0.01106	-0.01037	-0.02909	-0.07263	-0.00189	0.01656	-0.04313	-0.00190	-0.05524	-0.07095	-0.00256	-0.16214	-0.03481	-0.00434	-0.14255	-0.04150	-0.00513
76	-0.19477	0.05493	-0.03340	0.01200	-0.00633	0.00120	-0.07628	0.09655	-0.03615	0.03096	-0.00402	0.00320	-0.21183	-0.03151	-0.00734	-0.23914	-0.02247	-0.00665	-0.20486	0.01022	-0.00953	-0.01883	-0.06079	-0.00189	0.03190	-0.02673	-0.00218	-0.04448	-0.06759	-0.00242	-0.14513	-0.03586	-0.00409	-0.13334	-0.04624	-0.00500
77	-0.17731	0.04765	-0.04036	0.01438	-0.00567	0.00072	-0.05760	0.09021	-0.02781	0.02961	-0.00391	0.00282	-0.18812	-0.04858	-0.00624	-0.21862	-0.02376	-0.00591	-0.17525	0.01341	-0.00877	-0.00641	-0.04700	-0.00191	0.04977	-0.01008	-0.00250	-0.03490	-0.06064	-0.00244	-0.12118	-0.03473	-0.00393	-0.12517	-0.04875	-0.00486
78	-0.15642	0.03716	-0.04512	0.01965	-0.00504	0.00029	-0.03608	0.08262	-0.01812	0.02933	-0.00385	0.00242	-0.16218	-0.06230	-0.00524	-0.19036	-0.02369	-0.00517	-0.14152	0.01958	-0.00802	0.00783	-0.03217	-0.00198	0.06985	0.00522	-0.00281	-0.02626	-0.05091	-0.00262	-0.09031	-0.03231	-0.00383	-0.11671	-0.04937	-0.00470
79	-0.13215	0.02343	-0.04747	0.02474	-0.00446	0.00012	-0.01226	0.07417	-0.00822	0.02916	-0.00383	0.00200	-0.13472	-0.07186	-0.00433	-0.15419	-0.02239	-0.00448	-0.10207	0.02703	-0.00724	0.02377	-0.01756	-0.00214	0.09138	0.01771	-0.00308	-0.01909	-0.03943	-0.00291	-0.05532	-0.02883	-0.00377	-0.10754	-0.04817	-0.00456
80	-0.10471	0.00679	-0.04752	0.02890	-0.00398	0.00047	0.01307	0.06605	0.00067	0.02823	-0.00380	0.00153	-0.10503	-0.07754	-0.00356	-0.11134	-0.01988	-0.00389	-0.05573	0.03369	-0.00638	0.04137	-0.00461	-0.00236	0.11353	0.02616	-0.00326	-0.01332	-0.02745	-0.00325	-0.02049	-0.02443	-0.00375	-0.09776	-0.04516	-0.00448
81	-0.07499	0.01153	-0.04546	0.03220	-0.00361	0.00079	0.03920	0.06032	0.00732	0.02593	-0.00373	0.00104	-0.07294	-0.07980	-0.00295	-0.06462	-0.01595	-0.00339	-0.00231	0.03740	-0.00543	0.06059	0.00532	-0.00262	0.13559	0.02970	-0.00330	-0.00815	-0.01620	-0.00357	0.01025	-0.01963	-0.00373	-0.08740	-0.04063	-0.00449
82	-0.04501	0.02947	-0.04144	0.03442	-0.00336	0.00105	0.06556	0.05999	0.01061	0.02190	-0.00357	0.00058	-0.04109	-0.07852	-0.00254	-0.01769	-0.01052	-0.00299	0.05733	0.03614	-0.00435	0.08165	0.01109	-0.00284	0.15727	0.02782	-0.00318	-0.00296	-0.00678	-0.00382	0.03452	-0.01523	-0.00364	-0.07624	-0.03527	-0.00454
83	-0.01677	0.04471	-0.03582	0.03494	-0.00318	0.00121	0.09202	0.06715	0.00959	0.01608	-0.00328	0.00045	-0.01374	-0.07323	-0.00232	0.02634	-0.00402	-0.00265	0.12158	0.02814	-0.00316	0.10469	0.01185	-0.00297	0.17846	0.02030	-0.00287	0.00267	-0.00013	-0.00399	0.05270	-0.01222	-0.00340	-0.06292	-0.03021	-0.00457
84	0.00906	0.05584	-0.02945	0.03324	-0.00301	0.00123	0.11897	0.08053	0.00355	0.00909	-0.00283	0.00081	0.00667	-0.06397	-0.00227	0.06606	0.00233	-0.00233	0.18883	0.01207	-0.00184	0.12930	0.00717	-0.00295	0.19915	0.00721	-0.00239	0.00989	0.00294	-0.00403	0.06770	-0.01165	-0.00296	-0.04554	-0.02673	-0.00443
85	0.03400	0.06327	-0.02368	0.02916	-0.00279	0.00109	0.14728	0.09683	-0.00791	0.00695	-0.00222	0.00128	0.02140	-0.05165	-0.00233	0.10262	0.00654	-0.00199	0.25815	-0.01275	-0.00041	0.15446	-0.00302	-0.00275	0.21918	-0.01099	-0.00174	0.02103	0.00171	-0.00389	0.08360	-0.01452	-0.00232	-0.02203	-0.02592	-0.00404
86	0.06024	0.06934	-0.01987	0.02324	-0.00247	0.00091	0.17769	0.11342	-0.02479	0.01581	-0.00146	0.00173	0.03405	-0.03784	-0.00243	0.13886	0.00638	-0.00157	0.32881	-0.04611	0.00110	0.17895	-0.01837	-0.00238	0.23843	-0.03352	-0.00096	0.03783	-0.00436	-0.00354	0.10443	-0.02160	-0.00153	0.00781	-0.02815	-0.00340
87	0.08921	0.07608	-0.01912	0.01735	-0.00203	0.00089	0.21018	0.12930	-0.04649	0.02742	-0.00057	0.00214	0.04833	-0.02458	-0.00245	0.17699	0.00030	-0.00101	0.39975	-0.08668	0.00269	0.20201	-0.03816	-0.00182	0.25691	-0.05927	-0.00008	0.05964	-0.01513	-0.00301	0.13260	-0.03323	-0.00062	0.04230	-0.03307	-0.00262
88	0.12095	0.08265	-0.02208	0.01574	-0.00146	0.00104	0.24404	0.14431	-0.07191	0.03944	0.00040	0.00252	0.06752	-0.01428	-0.00230	0.21614	-0.01175	-0.00029	0.46951	-0.13211	0.00431	0.22335	-0.06134	-0.00111	0.27439	-0.08681	0.00086	0.08481	-0.03004	-0.00236	0.16816	-0.04927	0.00031	0.07918	-0.04019	-0.00178
89	0.15466	0.08557	-0.02899	0.01971	-0.00073	0.00124	0.27824	0.15842	-0.09967	0.05082	0.00141	0.00286	0.09488	-0.00956	-0.00187	0.25269	-0.02845	0.00058	0.53628	-0.17942	0.00592	0.24313	-0.08670	-0.00031	0.29066	-0.11471	0.00182	0.11200	-0.04809	-0.00163	0.20910	-0.06940	0.00126	0.11641	-0.04897	-0.00091
90	0.18978	0.08218	-0.03999	0.02420	0.00014	0.00136	0.31161	0.17099	-0.12827	0.06065	0.00241	0.00316	0.13292	-0.01270	-0.00114	0.28399	-0.04843	0.00157	0.59760	-0.22544	0.00745	0.26187	-0.11304	0.00053	0.30562	-0.14165	0.00278	0.14107	-0.06802	-0.00088	0.25191	-0.09319	0.00219	0.15242	-0.05884	-0.00001
91	0.22628	0.07306	-0.05513	0.02616	0.00112	0.00139	0.34302	0.18086	-0.15632	0.06823	0.00337	0.00338	0.18193	-0.02494	-0.00012	0.31060	-0.07107	0.00262	0.65056	-0.26728	0.00880	0.28013	-0.13907	0.00136	0.31951	-0.16662	0.00368	0.17201	-0.08858	-0.00008	0.29288	-0.12004	0.00311	0.18631	-0.06937	0.00087
92	0.26491	0.06306	-0.07449	0.02558	0.00216	0.00134	0.37095	0.18688	-0.18236	0.07317	0.00423	0.00347	0.24022	-0.04643	0.00112	0.33657	-0.09650	0.00368	0.69194	-0.30243	0.00983	0.29797	-0.16326	0.00213	0.33287	-0.18899	0.00450	0.20333	-0.10853	0.00073	0.32863	-0.14861	0.00396	0.21793	-0.08052	0.00168
93	0.30598	0.05892	-0.09764	0.02453	0.00321	0.00128	0.39355	0.18802	-0.20492	0.07531	0.00491	0.00341	0.30503	-0.07618	0.00255	0.36536	-0.12438	0.00469	0.71826	-0.32870	0.01042	0.31460	-0.18398	0.00278	0.34663	-0.20854	0.00518	0.23182	-0.12670	0.00153	0.35644	-0.17670	0.00466	0.24754	-0.09237	0.00240
94	0.34879	0.06408	-0.12357	0.02628	0.00425	0.00130	0.40918	0.18312	-0.22278	0.07447	0.00535	0.00316	0.37184	-0.11185	0.00411	0.39816	-0.15367	0.00561	0.72592	-0.34431	0.01042	0.32867	-0.19997	0.00324	0.36214	-0.22533	0.00569	0.25451	-0.14246	0.00224	0.37464	-0.20183	0.00516	0.27638	-0.10519	0.00302
95	0.39182	0.07411	-0.15090	0.03166	0.00521	0.00148	0.41682	0.17133	-0.23513	0.07041	0.00547	0.00270	0.43568	-0.15047	0.00568	0.43353	-0.18276	0.00640	0.71241	-0.34806	0.00971	0.33865	-0.21069	0.00344	0.38056	-0.23950	0.00597	0.27055	-0.15595	0.00285	0.38192	-0.22144	0.00538	0.30626	-0.11945	0.00356
96	0.43329	0.08289	-0.17829	0.03840	0.00606	0.00174	0.41638	0.15275	-0.24172	0.06295	0.00521	0.00205	0.49272	-0.18933	0.00713	0.46854	-0.20997	0.00699	0.67723	-0.33968	0.00822	0.34327	-0.21641	0.00332	0.40246	-0.25109	0.00595	0.28131	-0.16781	0.00331	0.37761	-0.23359	0.00525	0.33860	-0.13558	0.00405
97	0.47126	0.08663	-0.20447	0.04409	0.00672	0.00197	0.40856	0.12924	-0.24270	0.05236	0.00455	0.00134	0.53978	-0.22592	0.00830	0.50013	-0.23373	0.00735	0.62224	-0.31975	0.00602	0.34202	-0.21780	0.00284	0.42715	-0.25977	0.00560	0.28932	-0.17873	0.00358	0.36205	-0.23744	0.00469	0.37389	-0.15376	0.00451
98	0.50343	0.08286	-0.22814	0.04681	0.00712	0.00207	0.39438	0.10519	-0.23828	0.03973	0.00346	0.00105	0.57291	-0.25745	0.00901	0.52566	-0.25280	0.00745	0.55125	-0.28959	0.00328	0.33569	-0.21531	0.00193	0.45202	-0.26460	0.00486	0.29717	-0.18896	0.00357	0.33577	-0.23292	0.00365	0.41173	-0.17415	0.00491
99	0.52689	0.06929	-0.24799	0.04477	0.00717	0.00195	0.37434	0.08841	-0.22843	0.02799	0.00199	0.00152	0.58657	-0.28068	0.00909	0.54319	-0.26633	0.00723	0.46884	-0.25096	0.00028	0.32517	-0.20898	0.00061	0.47235	-0.26397	0.00371	0.30673	-0.19818	0.00318	0.29859	-0.22006	0.00218	0.45090	-0.19695	0.00519
100	0.53791	0.04430	-0.26256	0.03673	0.00677	0.00161	0.34794	0.08806	-0.21282	0.02433	0.00020	0.00213	0.57424	-0.29237	0.00843	0.55094	-0.27378	0.00668	0.38061	-0.20645	-0.00268	0.30967	-0.19826	-0.00108	0.48187	-0.25582	0.00215	0.31785	-0.20513	0.00230	0.24973	-0.19843	0.00032	0.48856	-0.22153	0.00521
101	0.53193	0.01424	-0.26991	0.02282	0.00582	0.00108	0.31396	0.10323	-0.19113	0.03199	-0.00181	0.00250	0.53024	-0.28995	0.00693	0.54693	-0.27470	0.00578	0.29318	-0.15976	-0.00530	0.28594	-0.18217	-0.00302	0.47492	-0.23866	0.00027	0.32575	-0.20683	0.00083	0.19002	-0.16823	-0.00181	0.51861	-0.24507	0.00476
